[5678, 6590, 6591, 6592, 11643, 11644, 11030, 18334]
[3426, 8513, 16666, 17509, 17510, 17511, 17512, 17514, 17515, 17516, 17517, 17519, 17520, 17521, 17522, 17524, 17525, 17526, 17527, 17529, 17530, 17531]
[5471, 9476, 9477, 9478, 9480, 9481, 9482, 9483, 9486, 9487, 9488, 9490, 9491, 9492, 9493, 10042, 17865, 17866, 17867, 17868, 17870, 17871, 17872, 17873, 17876, 17877]
[1502, 1773, 1776, 3079, 1389, 5544, 7743, 11155, 12917, 12918]
[67, 71, 256, 285, 55, 301, 310, 329, 474, 525, 535, 1052, 1463, 1505, 1580, 485, 2022, 2523, 3575, 3198, 4619, 3322, 8654, 13749, 14724]
[6264, 10453, 10456, 10457, 10458, 4119, 10470, 10471, 10472, 10474, 10475, 10476]
[7142, 12432, 12433, 12435, 12437, 12438, 12440, 12442, 12443, 12444, 12445, 12448, 12449, 12450, 12453, 12455, 12457, 12458, 12459, 12460, 12462, 12463, 12464, 12465, 12467, 12468, 12469, 12470, 12472, 12473, 12474, 12475]
[581, 2894, 2896, 8111, 8123, 8128, 6958, 8808, 8110, 11885, 11916, 11918, 11920, 11921, 11924, 11925, 12057, 12059, 11917, 13269, 13271, 13273, 13274]
[3529, 10516, 11927, 16123, 16127, 18159, 18160, 18161, 18162, 18164, 18165, 18166, 18167, 18169, 18170, 18171, 18172, 18174, 18175, 18176, 18177, 18179, 18180, 18181, 18182, 18184, 18185, 18186]
[6506, 9892, 10910, 11133, 11134, 11135, 11136, 11138, 11140, 11141, 11143, 11144, 11145, 11146, 11148, 11149, 11150, 11151, 11153]
[3389, 5022, 7061, 4462, 4469, 4470, 7083, 7084, 7085, 7086, 7088, 7089, 7090, 7091, 7093, 7094, 7095, 9164, 9166, 9167, 9168, 9169, 9171, 9172, 9173, 9174, 9176, 9177, 9179]
[3248, 9665, 9666, 9667, 9668, 9670, 9671, 9673]
[3089, 10693, 5525, 8681, 9944, 13212, 13213, 13214, 13215]
[1136, 7556, 7557, 7558, 7559, 7561, 7562, 7563, 7564, 7566, 7567, 7568, 7569, 7571, 7572, 7573, 7574, 7576, 7577, 7578, 7579, 7581, 7582, 7583, 7584, 7586, 7587, 7588, 7589, 7591, 7592, 7593, 7594, 7596, 7597, 7598, 7599, 7601, 7602, 7603]
[3897, 3904, 8409, 8410, 8411, 8413, 8414, 8415, 8416, 12561, 12920, 12921, 12923, 12924, 12925, 12926]
[6186, 17411, 17412, 17413, 17415, 17416, 17417, 17418, 17420, 17421, 17422, 17423]
[10176, 10462, 10463, 10464, 10465, 10467, 10469]
[2986, 2989, 3124, 3392, 4463, 10824, 10825, 10827, 12652, 12654, 12655, 8847, 18271, 18272]
[5780, 8038, 16857, 16858, 16860, 16861, 16862, 16863, 16865, 16866, 16867]
[1275]
[1516, 7735, 7736, 7738, 7739, 7740, 7741, 7744, 7745, 7746, 7748, 7749, 7750, 7751, 7753, 16497, 16938, 16939, 16940]
[1407, 3121, 5176, 5177, 5178, 5181, 5182, 5183, 5185, 5186, 5187, 5188, 5190, 5192, 5193, 5195, 5196, 5197, 5198, 5200]
[3837, 3916, 4239, 6234, 6236, 6237, 6238, 6239, 6242, 6244]
[1035, 2502, 2617, 5759, 7831, 8242, 8473, 9515, 11393, 12384, 12385]
[1305, 1308, 1309, 1310, 1311, 1316, 1318, 1319, 1323, 1324, 1325, 1330, 1333, 6068, 3217, 16206, 16238, 18442, 18445, 18446, 18447, 18449, 18450, 18451]
[7502, 14474, 6318, 15288, 15905, 15906, 15908, 15909, 15910, 15911, 15913, 15914]
[46, 8953, 8954, 8956, 8957, 8958, 8959, 8961, 8963, 8964, 4045, 10181, 14725, 14727, 14729, 14730, 14732, 5098, 15293, 15294, 15295, 15296, 15298, 15299, 15300]
[51, 61, 91, 877, 100, 193, 993, 997, 998, 999, 1003, 1004, 1008, 1013, 1014, 1019, 1027, 1885, 1895, 2027, 2559, 5255, 5258, 2552, 6714, 6779, 6781, 7068, 3562, 9861, 9863]
[6382, 9877, 11734, 11735, 11736, 11738, 11740, 11744, 11745, 11746, 11748, 11749, 11750, 11751]
[3156, 7073, 10971, 13608, 13609, 13929, 14921, 14922, 14923, 14925, 14927, 14928, 14930]
[721, 6181, 10970, 9699, 13584, 13585, 13587, 13589, 13590, 13592, 13593, 13594, 13595, 13597, 13598, 13599]
[6876, 11086, 11088, 11089, 11090, 11091, 11094, 11095, 11096, 11098, 11099, 11100, 11101, 11103, 11104, 11105, 11106, 11108, 11109, 11110, 11111, 11113, 11114, 11115, 11116, 11118]
[3856, 14310, 14311, 14313, 14314, 14315, 14316, 14318, 14319, 14320, 14321, 14323, 14325, 14326, 14328, 14329]
[176, 732, 952, 1366, 1810, 2341, 2343, 2347, 2565, 2787, 2973, 4180, 5165, 5485, 4460, 7927, 5159, 9822, 10686, 10853, 12082, 15222, 15223, 17991, 17992]
[2792, 5298, 5300, 9344, 9818, 9332, 14345, 14346]
[5851, 5853, 5854, 5855, 5856, 5858, 5859, 5860, 5861, 5863, 5864, 5865, 5866, 5868, 5869, 5870, 5873, 5874, 5875, 5878, 5881, 5884, 5885, 5886, 5888]
[1962, 2903, 12751, 13303, 15103, 15104, 15106, 15107, 15108, 15109, 15111, 15112, 15113, 15114, 15116, 15117, 15118, 15119, 15121, 16501]
[526, 530, 532, 690, 886, 980, 1409, 1688, 2083, 2521, 3077, 3288, 3502, 4706, 5149, 5150, 3193, 5735, 7349, 7350, 8588, 8589, 9284, 7643, 11818, 15468, 15469]
[2126, 2129, 2140, 2141, 14563, 14565]
[2472, 4875, 7080, 9582, 11093, 11186, 14287, 43, 12845, 16897, 16898, 16899, 16900, 16902, 16903, 16904, 16905, 16907, 16908, 16909, 16910, 16912, 16913, 16914]
[63, 69, 86, 192, 253, 389, 1081, 1464, 2444, 3304, 4037, 5787, 7157, 8051, 12352]
[605, 881, 1202, 1210, 2473, 2493, 4356, 5296, 6126, 7081, 8904, 8910, 13750, 13751, 13752, 13753, 13755, 15915, 15917]
[1382, 7525, 4442, 11503, 11507, 11508, 16837, 16838, 16839, 7279, 18367, 18368]
[5718, 3512, 4966, 6650, 6651, 6652, 6656, 6657, 6660, 6661, 6662, 6664, 6665, 6666, 6669, 6670, 6671, 6672, 6674, 6675]
[10753]
[8429, 8430, 8433, 8435, 8437, 8438, 8440, 8443, 8445, 8449, 8453]
[17283, 17284, 17285, 17286, 17469, 17470, 17471, 17472, 9426, 18622]
[6, 1214, 1261, 1264, 1276, 1281, 1521, 2970, 3800, 4280, 3806, 23, 7922]
[495, 4361, 9279, 4747, 10737, 9187, 1725, 7249, 12030, 2652, 7780, 8013, 12692, 12693, 12694, 12695, 12697, 12699, 12700]
[1865, 1915, 2093, 1933, 8407, 10582, 10807, 2096, 5110, 7002, 12795, 12797, 12798, 12799, 12800, 12802, 12803, 12804, 12807, 12808, 12809, 12810, 12812, 12813, 12814, 12815]
[919, 928, 934, 937, 942, 944, 957, 1338, 1342, 1348, 1349, 1374, 2746, 4161, 5672, 8386]
[6795, 9539, 9701, 9702, 9703, 9705, 9706, 9707, 9708, 9710, 9711, 9712, 9713]
[892, 2076, 2439, 3178, 3584, 3589, 5267, 5651, 5649, 12681, 12682, 12683, 12684, 12686, 12687, 12688, 12689, 17875, 9400, 14035, 18658, 18659, 18660, 18662, 18663, 18664, 18665]
[4580, 8073, 8075, 8078, 8079, 8080, 8083, 8084, 8085, 8086, 8088, 8089, 8090, 8091, 8094, 8095, 8096]
[431, 2538, 3468, 5428, 7071, 9823, 8479, 17137, 17139, 17140, 17142]
[7884, 4601, 16486, 18256, 18257, 18258, 18260, 18261, 18262]
[1434, 12897, 15069, 15070, 15071, 15072, 15074]
[2561, 3886, 8767, 9506, 10596, 11931, 14511, 15593, 15594, 15595, 15597, 15598, 15599, 15600, 15602, 15603, 15604, 15605, 15607, 15608, 15609]
[767, 8786, 8868, 2667, 9997, 12337, 2504, 6092, 6405, 11948, 13646, 13647, 13648, 13650, 13651, 13652, 13653, 13655, 13656, 13657]
[5168, 3482, 5236, 7623, 8312, 13606]
[10839, 10840, 10841, 10842, 10844, 7356, 12069, 12071, 12072, 12073, 12074, 12076, 12077, 12078, 12079]
[894, 15614, 11875, 12190, 16845, 16846, 16847, 16849, 16850, 16851, 16852, 16854, 16855, 16856]
[9424, 10113, 13038, 13053, 14674, 10766, 13052, 13950, 18336, 18337, 18338, 18340, 18341, 18342, 18343, 18345, 18346, 18347, 18348, 18350, 18351, 18352]
[2060, 6076, 6078, 6079, 6080, 6081, 6083, 6084, 6085, 6086, 6088, 6089, 6090, 6091, 6093, 6094, 6095, 6096, 6099, 6100, 6101, 6103, 6104, 6105, 6106, 6108, 6109, 6110, 6111, 6113, 6114, 6115, 6116, 6118]
[102, 104, 106, 109, 111, 112, 116, 117, 118, 119, 122, 127, 133, 134, 136, 142, 144, 146, 149]
[3440, 7407, 7907, 7908, 7909, 7911, 7912, 11506, 6556, 10663, 12062, 12064, 12065, 12066, 12067]
[2378, 5596, 5598, 5599, 5601, 5604, 5606, 5608, 5610, 5611, 5613, 3034, 10320, 5602, 5628, 8937, 14827, 14828, 14829, 14831, 14832, 14833, 14834, 14836, 14837, 14838, 14839, 14841]
[1467, 2809, 3321, 3330, 3375, 3569, 3574, 3577, 3578, 3579, 4555, 4556, 5033, 5034, 5036, 8721, 12621, 12622, 12623, 12624]
[3742, 5539, 5540, 5541, 5542, 5546, 5551, 5552, 5554, 5555, 5556, 5557]
[1220, 3855, 3857, 3860, 3865, 3866, 3867, 3869, 3872, 3874, 3879, 3880, 3881]
[1125, 7111, 7057, 11636, 14649, 14946, 14948, 14949, 14950, 14951, 14953, 14954, 14955, 14956, 14958, 14959, 14960, 14961, 14963, 14964, 14965, 14966, 14968, 14969, 14970, 14971, 14973, 14974, 14975, 14976, 14978]
[565, 572, 580, 975, 2842, 2864, 2871, 2893, 583, 5660, 6959, 7056, 8122, 9348, 6541, 9352, 11881, 11882, 11884, 11886, 11887]
[184, 316, 298, 355, 534, 538, 698, 903, 1243, 2544, 3171, 3460, 3672, 3763, 8155, 12356, 6430, 14664, 17911]
[2515, 3500, 4309, 4565, 4568, 4571, 4573, 4574, 4572, 4769, 8759, 8760, 8762, 8764, 8766]
[3781, 4381, 4383, 4386, 4388, 4389, 4390, 4391, 4393, 4394, 13639, 13640, 13642, 13643, 13644]
[3252, 4440, 4441, 4443, 4445, 4446, 4449, 4453, 4454, 3112, 16412, 16413]
[2798, 9178, 9199, 5575, 11687, 11688, 11690, 11691, 11692, 11693, 11695, 11696, 11697, 11698, 11700, 11701, 11702]
[634, 636, 639, 640, 642, 645, 647, 649, 650, 651, 654, 655, 656, 657, 659, 662, 664, 665, 666, 667, 670, 671, 672, 675, 676, 677]
[1251, 2751, 2752, 2754, 2756, 2757, 2758, 2759, 2761, 2762, 2764, 2766, 2767, 2768, 2773, 2776, 2777, 2778, 2779]
[2111, 9087, 9088, 9090, 9092, 9093, 9094, 9095, 9097, 9098, 9099, 9100, 9102, 9104, 9105, 9107, 9108, 9109, 9110, 9112, 9113, 9114, 9115]
[195, 202, 222, 224, 426, 602, 606, 615, 2271, 2407, 2584, 2627, 3258, 4205, 4444, 2639, 10613, 11423, 14097]
[8931, 2575, 8921, 11989, 13611, 13612, 13614, 13615, 13616, 13617, 13619, 13620, 13622, 13624, 13625, 13626, 13627, 13629, 13630, 13631]
[4182, 4970, 9783, 10831, 13478, 16437]
[10730, 10732, 10733, 4486, 12625, 16069, 16070, 16071, 16073]
[8160, 12653, 15102, 9830, 16696, 18641, 18642, 18643, 18644, 18646, 18647, 18648, 18649, 18651, 18652, 18653, 18654]
[488, 490, 493, 510, 45, 497, 1179, 1180, 1854, 1874, 1672, 2664, 2956, 3929, 1905, 5972, 6192, 6194, 6198, 1863, 8596, 10070, 10072, 16974, 16975, 16976]
[6037, 7188, 7642, 5423, 8500, 3733, 8915, 10116, 10379, 10380, 10382, 10384, 10386, 10387, 10389, 10391, 12007, 12008, 12009, 12010, 12012, 12014, 12015]
[3636, 5812]
[161, 257, 299, 350, 476, 786, 794, 909, 913, 1475, 798, 2018, 2024, 3491, 4883, 3177, 252, 14888, 16693]
[7681]
[6124, 5953, 10924, 6134, 12276, 12277, 12278, 11949, 12478, 12479, 12480, 10023, 17287, 17288, 17289, 17290]
[2244, 5353, 12243, 12255, 12258, 9829, 9834, 9836, 9839, 12257, 16098, 16099, 16100, 16101, 16103, 16104, 16105, 16106, 16108]
[10390, 3627, 3638, 3648, 3650, 3664, 7040, 8286, 9932, 13016, 13017, 13018, 13019, 13021, 13022, 13023, 13024, 13026, 13027, 13028, 13029]
[4603, 6637, 11004, 11033, 11034, 11035, 11037, 11038, 11039, 11040, 11043, 11044, 11045, 11047]
[9864, 10110]
[2824, 2935, 1793, 9496, 9497, 9500, 9502, 9503, 9508, 10182, 10622, 12347, 12348, 12349, 15094, 15095, 15096, 15097, 15099]
[12218, 13181, 13186, 13206, 16607, 16608, 16609, 16610, 16612, 16613, 16614, 16615, 16617, 16618, 16619, 16620, 16622, 16623, 16624]
[8844, 8850, 5775, 14515, 15941, 2800, 3199, 4481, 16761, 16762, 16763, 16764, 16766, 16767, 16768, 16769, 16771, 16772, 16773, 16774, 16776]
[16041, 16715, 16717, 16718, 16719, 6472, 15197, 15260, 17732, 17733, 17734, 17735, 17737, 17738, 17739]
[1448, 1588, 7290, 10598, 10599, 10600, 10601, 10603, 10604, 10605, 10606, 16916, 16917, 16918]
[3303, 10128, 10133, 10134, 10146, 10155, 10156]
[2124, 2324, 4548, 178, 13502, 4151, 13164, 14246, 14247, 14248, 14249, 14251, 14252, 14253, 14254, 14256, 14257, 14258]
[9567, 9571, 9578]
[14348, 14349, 14352, 14354, 14357, 14358, 9952, 15548, 16356, 16357, 16358, 16360]
[483, 4244, 4892, 6193, 2922, 8619, 8726, 9765, 7712, 9788, 9790, 9791, 9792, 9793, 9821, 10508, 12775, 9789, 17424, 17425, 17426, 17427, 17429, 17430, 17431, 17432, 17434, 17435, 17436, 17437]
[4401, 4404, 7492, 12834, 15058, 16324, 18229, 18230, 18231, 18233, 18234, 18235, 18236, 18238, 18239, 18240, 18241, 18243, 18244, 18245, 18246, 18248, 18249, 18250, 18251, 18253, 18254, 18255]
[9980, 11520, 14750, 14780, 15778, 15779, 15781, 15782, 15783, 15784, 15786, 15787, 15788, 15789, 15791, 15792, 15793, 15794, 15796, 15797, 15798, 15799, 15801, 15802]
[11049, 14560, 4997, 16595, 18010, 18012, 18013, 18014]
[3056, 4887, 4893, 4897, 4900, 4901, 4902, 4903, 4906, 4907, 4908, 4910, 4911, 7008, 10026, 10435, 11170, 14128, 2034, 8933, 15837, 15839, 15840, 17138, 18378, 18380, 18381, 18382, 18383, 18385, 18386, 18387]
[6459, 6464, 10127, 12573, 16432]
[5879, 6205, 8043, 8659, 6295, 6424, 10610, 11282, 11284, 11286, 11287, 11288, 11289, 11589]
[2594, 4994, 3944, 5203, 5204, 5207, 5208, 5209, 5210, 5213, 5214, 11228, 12388, 12389, 12390, 12391]
[6400, 7857, 13517, 12726, 8936, 11023, 16646, 16648, 16649, 16650, 16651, 16653, 16654, 16655, 16656, 16658, 16659, 16660]
[1930, 4082, 12703, 12704, 12705, 12706, 12708, 12709, 12710, 12711, 12713, 12714, 12715, 12716, 12718, 12719, 12720, 12721]
[59, 72, 76, 187, 1799, 1001, 3201, 3768, 5097, 6785, 7876, 7879, 7885, 8151, 6709, 12128, 13084, 13085, 996]
[435, 4621, 4623, 4624, 3213, 5215, 5782, 13748, 15444, 11812, 9959, 17501, 17502, 17503, 17505, 17506, 17507]
[17189, 5867, 18071, 18072, 18073, 18075, 18076, 18077]
[9530, 16591, 16592, 16593, 16594, 16596, 16597, 16598]
[529, 722, 968, 1009, 1379, 4024, 5000, 10248, 10249, 4026, 10671, 12377, 12378, 14369, 17489]
[232, 2281, 2402, 1964, 1163, 2593, 3260, 3691, 3694, 3700, 3693, 6409, 6907, 6909, 6910, 6911, 2416, 4736, 5229, 7074, 8673, 8677, 8679, 10609, 10611, 10612, 10614, 6155, 6410, 12001, 12003, 12004, 9955]
[160, 164, 165, 169, 177, 185, 4310, 4313, 4314, 4315, 4318, 5532, 7871, 7872, 7873, 11491, 15458, 15459]
[1460, 3762, 803, 3949, 3950, 3952, 3954, 3955, 3956, 3957, 3959, 3960, 3961, 3962, 3964, 3965, 3967, 3969, 3970, 3971, 3972, 3974, 3975, 3976, 3977, 3979, 3980, 3981, 3982, 3984, 3985]
[2580, 2608, 3616, 4189, 3341, 5304, 4387, 6463, 6773, 7323, 3705, 11412, 13960, 14203, 14204, 14206, 14207, 12957, 14473, 18208]
[3486, 3492, 3493, 3495, 3496, 4491, 11223, 11890, 14036, 14037, 14038, 14039, 14041, 14042, 14043, 15737, 15739, 15740, 15741]
[4266, 9208, 9209, 9210, 9211, 9214, 9216, 9218, 9219, 9220, 9221, 9223, 9224, 9225, 9226, 9540, 7003, 11159, 13673, 13674, 13675, 13676, 13678, 13680, 13681, 13683, 13684, 13685]
[9141, 10521, 12315, 15621, 15622, 15624, 15625, 15626, 15627, 15629, 15630, 15631, 15632, 15634, 15635, 15636]
[8291, 9267, 9268, 9269, 9270, 9272, 9273, 9274, 9275]
[1682, 2655, 6545, 6549, 6550, 6551, 3092, 6996, 8404, 16363]
[2736, 2737, 2740, 2741, 2745, 2748, 6747, 6748, 6749, 6752, 6753, 6754]
[717, 730, 945, 1468, 1816, 2463, 2854, 2860, 2901, 2861, 3777, 5446, 5550, 3921, 9926]
[1465, 1472, 1473, 1474, 1477, 1478, 1480, 5458, 6703, 6869, 9745, 11171, 1471, 6232, 11443, 11445, 11446, 11447, 11448, 11450, 11451, 11452, 11453]
[821, 837, 843, 25, 923, 953, 1274, 1347, 2370, 15, 2963, 3416, 5669, 5671, 7940, 8598, 8599, 10993]
[2149, 9766, 13378, 13700, 14737, 14738, 14741, 14743, 14746]
[3095, 8423, 9345, 9819, 12149, 12150, 12151, 12152, 12154, 12155, 12156, 12157, 12159, 12160, 12161, 12162]
[263, 1828, 10468, 12137, 14004, 15920, 60, 1847, 10142, 15729, 16504, 16506, 16507, 16508, 16509, 16511, 16512, 16513, 16514, 16516, 16517, 16518, 16519, 16521, 16522, 16523]
[172, 450, 1055, 2603, 2604, 40, 4424, 4426, 8066, 8069, 9897, 10208]
[7099, 3429, 18038, 16970, 18452, 18453, 18455, 18456, 18457]
[16748, 17194, 7733, 17439, 17440, 17441, 17442, 17444, 17445, 17446, 17447, 17449, 17450, 17451, 17452, 17454, 17455, 17456, 17457, 17459, 17460, 17461, 17462]
[11074, 12244, 12261, 12268, 12270, 12407, 13542, 13543, 13544, 13545]
[15610, 15611, 15612, 7634, 16502, 16503]
[4181, 5071, 7981, 12837, 12838, 12839, 12841, 12842, 12843, 12844, 12846, 12847, 12848, 12849, 12851, 12852, 12853, 12854, 12856, 12857, 12858, 12859, 12861, 12862, 12863, 12864]
[687, 693, 1038, 1039, 1043, 470, 1183, 1189, 1198, 1689, 2665, 3373, 4263, 4385, 4436, 5307, 5979, 6132, 7504, 7833, 7834, 5140, 4468, 12106, 14011, 14012]
[113, 138, 148, 3506, 7011, 7015, 7016, 7020, 7022, 7026, 7027, 7028, 7030, 7032, 7033, 7035, 7036]
[10210, 10211, 10212, 10215, 10216, 10217, 10219, 10220, 10221, 10222, 10224, 10225]
[175, 1306, 6544, 6760, 3464, 10902, 1208, 12312, 12313, 12668, 15033, 15034, 15035, 15036, 15039, 15040, 15041, 15043]
[1553, 12105, 12164, 12166, 15378, 15379, 9688, 11272, 17321, 17322, 17323, 17324]
[1314, 1716, 2112, 11303, 11304, 11305, 11306, 11308, 11309, 11310, 11311, 11313, 11314, 11315, 11316, 11318, 11319, 11320, 11321]
[346, 635, 10057, 10058, 10059, 10062, 10778, 10779, 10780, 10781, 10783, 14330, 14331, 14332, 14334, 14335, 12967, 14662]
[5559, 11505, 13279, 18599, 18600, 18601, 18603, 18604, 18605, 18606, 18608, 18609, 18610]
[3352, 8232, 13816, 6004, 4853, 11377, 16215, 17294, 18706, 18707, 18708, 18709, 18711, 18712, 18713, 18714, 18716, 18717, 18718, 18719, 18721, 18722, 18723, 18724]
[423, 697, 896, 1383, 1609, 1971, 3757, 4704, 4810, 8141, 6374, 5480, 5233, 9285, 3206, 11729, 895, 12988, 12990, 12991, 12992, 4447, 3126, 8621, 16690, 16691, 16692]
[1345, 5690, 5694, 5695, 5724, 7042, 9509, 9512, 9514]
[8881, 5018, 10029, 10030, 10032, 10034, 10037]
[6243, 7301, 7316, 10694, 10696, 10697, 10698, 10699, 10701, 10702, 10704, 10706, 10707, 10708, 10709, 10711]
[9986, 11365, 11402, 11403, 11404, 11405, 11407, 11408, 11409, 11410]
[1655, 10526, 10527, 10529, 10530, 10531, 10532, 10534, 10536, 10537, 10539, 10540, 10541]
[7476, 10033, 10108, 11959, 11962, 11999, 12046, 12491, 8832, 10615, 13039, 13040, 13041, 13043, 13044, 13045, 13046, 13048, 13049, 13050, 13051, 13054, 13055, 13056, 8675, 13660, 15551, 17900, 17901, 17903, 17904, 17905, 17906, 17908, 17909, 17910]
[12966, 16449, 17011, 17012, 17013, 17015, 17016, 17017, 17018, 17020, 17021, 17022, 17023, 17025, 17026, 17027, 17028, 17030, 17031, 17032, 17033, 17035, 17036, 17037, 17038, 17040, 17041, 17042, 17043, 17045, 17046, 17047, 17050, 17051, 17052]
[469, 3376, 3568, 4473, 5723, 7858, 7859, 8371, 15155, 15156, 15157, 15158, 16042, 16043, 16044, 16045, 16047, 16048, 17291, 17292, 17293]
[3127, 3927, 4745, 4746, 4750, 7756, 8244, 8361, 8724, 8728, 8729, 8732, 9282, 8047, 10306, 11217, 11796, 12027, 12945, 12946, 12948, 12949, 12950, 12951, 12953, 12954, 12955, 12956, 14185, 16709, 9724, 12680, 18264, 18265, 18267, 18268, 18269]
[1711, 3184, 6252, 7415, 10063, 13600, 13602, 13603, 13604, 18388, 18389, 18390]
[13107, 13108, 13109, 13110, 13112, 13113, 13114, 13115, 13117, 13118, 13119, 13120, 13122, 13124, 13125]
[12143]
[2049, 2052, 2056, 2057, 2058, 2061, 2063, 2064, 2066, 2072, 2073, 2074, 2077, 2078]
[11511, 11935, 13933, 13936, 13937, 13938, 13940, 13941, 13942, 13943]
[5732, 5736, 5737, 5739, 5740, 5741, 5742, 5744]
[710, 2791, 7778, 7779, 8351, 18135, 18136, 18137]
[1172, 1998, 7051, 3779, 2567, 13126, 13127, 13128, 13129, 13131, 13132, 13133, 13134, 13136, 13137, 13138, 13139, 13141, 13142, 13143, 13144]
[1737, 7382, 11476, 11478, 11481]
[7451, 7453, 9844, 9845, 9846, 9848, 9850, 9851, 3231, 15322, 15323, 15324]
[10652, 12724, 11234, 11849, 13416, 13418, 13421, 13422, 13423, 13424, 13426, 13427, 13428, 13429]
[11936, 14908]
[4, 4110, 7613, 7614, 7615, 7616, 7618, 7619, 7620, 7621, 7624, 7625, 7628, 7629, 7630, 7631, 7633]
[4283, 10890, 11604, 11605, 11608, 11609, 11610, 11614, 11615, 11616, 11618, 11619, 11620, 11621, 11624, 11626, 4086]
[1023, 12576, 6856, 12585, 12586, 12587, 12589, 12590, 12591, 12592, 12594, 12595, 12596, 12597]
[1149, 1152, 1157, 1165, 1166, 2534, 5410, 5419, 5422, 5424, 10014, 11587, 11588, 8418, 16785, 16787]
[245, 250, 447, 857, 1240, 3019, 9467, 8747, 13412, 13413, 13414, 3655, 17326, 17327, 17328, 17329]
[9585, 9587, 14324, 11877, 11878, 16229, 16230, 16231, 16232, 16234, 16235, 16236, 16237, 16239, 16240, 16241, 16242, 16244, 16245, 16246, 16247, 16249, 16250, 16252, 16254, 16255, 16256, 16257, 16259]
[4032, 3868, 8390, 9002, 9007, 10695, 16443, 16444]
[841, 883, 949, 1528, 1533, 1992, 3445, 3660, 3780, 4285, 4605, 4611, 4273, 7331, 4163, 7900, 7901, 7905]
[15903, 15892, 16920, 17836, 17837, 17838]
[2679, 2680, 2693, 2696, 2697, 2700, 2701, 2703, 2705, 2706, 2707, 2710, 2712, 2713, 2715, 2717, 2718, 2720, 2721, 2722, 2725, 2726, 2727, 2728, 2730, 2731, 2732, 2733]
[1538, 1539, 1542, 1543, 1549, 1554, 1558, 1559, 1560, 1562, 1563, 1564, 1565, 1567, 1569, 1570]
[807, 1113, 1177, 4604, 4606, 4607, 4614, 6287]
[2845, 6450, 8884, 7776, 9936, 10038, 10784, 12620, 15218, 15448, 8876, 16352, 16700, 16702, 16703, 16704, 16705, 16707, 16708, 16710, 16712, 16713, 16714]
[3102, 5035, 7271, 7272, 7273, 7275, 7277, 7278, 7280, 7282, 7285, 7286, 7288, 7291, 7292]
[6167, 4121, 9342, 11482, 3724, 12317, 15753, 15754, 15755, 15756, 15758, 15759, 15761, 15763, 15764]
[2033, 10482, 10483, 10485, 10486, 10487, 10488, 10490, 10492, 10493, 10495, 10497, 10498, 10500, 10501, 10502, 10503, 10505, 10506, 10507]
[569, 1606, 1608, 1610, 1615, 1616, 1618, 1621, 1623, 1624, 1625, 1626, 1628, 1629, 1630, 1634, 1635, 1638, 14451, 18060, 18061, 18063, 18064, 18065, 18066, 18068, 18069, 18070]
[4157, 4375, 4825, 4832, 4836, 4841, 4845, 4846, 4848, 13566, 13567, 13568]
[2863, 2865, 2866, 2868, 2870, 2874, 2875, 2876, 2878, 2879, 2880, 2881, 2883, 2884, 2885, 2886, 2888, 2889, 2890, 2891, 2900]
[213, 4722, 7196, 7197, 7198, 7200, 7201, 7202, 7203, 7205, 7206, 7207, 7208, 7210, 7212, 7213, 7215, 7216, 7217, 7218, 7220, 7221, 7222, 7223, 7225, 7226, 7227, 7228, 7230, 7231, 7232, 7235, 7236, 7238, 7240, 7241, 7242]
[2250, 5674, 5675, 5676, 7759, 9677, 9681, 9694, 5677, 10873, 10876, 10879, 10883, 10885, 17540, 17542, 17543, 17544, 17545, 17547, 17548, 17549, 17550, 17552, 17553, 17554, 17555, 17557, 17558, 17559]
[3511, 5295, 3504, 6149, 6152, 6153, 6154, 6156, 6157, 6162, 6164, 6166, 6171, 6172, 6174, 6177, 6178]
[870, 3432, 3448, 3449, 3454, 3431, 8668, 9239, 8369, 10794, 15513, 15514, 15515, 15516, 15518, 15519, 15520, 15521, 15523, 15524, 15525]
[3251, 3256, 3261, 3262]
[2030, 2042, 2043, 2039, 6649, 3530, 3532, 3537, 10160, 10161, 10163, 10164, 10165, 10166, 10168, 10169, 10170, 10171, 10173, 10174]
[12314, 3436, 11933, 13530, 13531, 13532, 13533]
[269, 273, 247, 6375, 8081, 9901, 9904, 272, 6384, 11063, 11064, 11065, 11066, 11068, 11070, 11071, 11073, 11075, 11076, 11078, 11079, 11080, 11081, 11083, 11062, 11077, 12403, 12405, 12408]
[4275, 4268, 6797, 6798, 6800, 6801, 6802, 6803, 6805, 6806, 6807, 6808, 6810, 6811, 6812, 6813, 6815, 6816, 6817, 6818, 6820, 6821, 6822]
[2401, 10413, 10414, 10416, 10417, 10419, 10421, 10422, 10423, 10424, 10426, 10427]
[819, 7326, 10478, 12414, 12415, 12417, 12418, 12419, 12420, 12422, 12423, 12424, 12425, 12427, 12428, 12429, 12430]
[932, 1545, 2637, 2848, 3382, 3743, 3746, 4164, 4087, 5450, 5454, 5457, 5772, 2344, 10124, 11276, 12092]
[2597, 2598, 2599, 4293, 5765, 5766, 5770, 6528, 7501, 12964, 12965, 14410, 17077, 17078, 17079, 13743, 17891, 17892]
[3098, 3099, 3100, 3101, 3103, 3111, 3113, 3115, 3116, 3118, 3120, 17885, 17886, 17888, 17889, 17890]
[2645, 4254, 7727, 8380, 12099, 12100, 12101, 12102, 4461, 13547, 13549, 13550, 13551, 13552]
[1237, 1627, 1950, 3132, 4779, 8657, 10550, 10551, 10553, 10556, 10557, 10558, 10560, 10561, 10562, 6828, 12045, 12047]
[3104, 3114, 3412, 6348, 6912, 6913, 6916, 6917, 6918, 6921, 6922, 3253, 8499, 8501, 8502, 8505, 8506, 8507, 1730, 18209, 18210, 18211, 18212, 18214, 18215, 18216]
[3351, 7264, 8866, 10812, 11953, 11954, 11957, 11958, 11961, 11963, 11964, 11966, 11967, 11968, 11969]
[947, 954, 1337, 1344, 1352, 1353, 1356, 1357, 1364, 1257, 1523, 1525, 1526, 1529, 1531, 1535, 1536, 1522, 3509, 7419, 7713]
[904, 4301, 7651, 4493, 8996, 12351, 6733, 13435, 13436, 13437, 13438, 13440, 13441, 13442, 13443, 14633, 14634, 14635, 14637, 14638, 14639, 14640, 14642, 9116, 17878, 17880, 17881, 17882]
[823, 829, 805, 825, 1540, 1555, 1557, 2196, 2387, 1546, 3025, 3031, 3035, 3036, 3037, 3038, 3042, 3721, 4098, 4102, 4103, 4106, 4948, 7724]
[4944, 8277, 15044, 15046, 15047, 15048, 15049, 15051, 15052, 15053, 15056]
[6531, 6533, 6535, 6536, 6537, 6538, 8191, 8193, 8194, 8195, 8196, 9854, 9855, 9856, 9857]
[2769, 5807, 7722, 2750, 10086, 10088, 10089, 10090, 10091, 10093, 10094, 10095, 10096, 10098, 10099, 10100, 10101, 10103, 10104]
[7445, 15579, 15580]
[5238, 5645, 7523, 7524, 7526, 7528, 7529, 7531, 7533, 7534, 7535, 7536, 7538, 7539, 7541, 7543, 7544, 7545, 7546, 7548, 7549, 7550, 7551, 7553, 7554, 7555]
[2308, 2309, 7262, 2180, 10251, 10252, 10253, 10254, 10256, 10257, 10258, 10259, 10261, 10262, 10263, 10264, 10266, 10267, 10268, 10269, 10271, 10272, 10273, 10274, 10276, 10277, 10278, 10279, 10281, 10282]
[4002, 4937, 5968, 8462, 9804, 3999, 4004, 15054]
[151, 1900, 4928, 5256, 6060, 6158, 7096, 9146, 6150, 6990, 12727, 12728, 12729, 12730, 12732, 12733, 12734, 12735, 12737, 12738, 12739, 12740, 12742, 12743, 12744, 12745]
[319, 1386, 1387, 1391, 1393, 3329, 3331]
[10381, 11267, 11797, 11798, 11799, 11802, 11804, 11806, 11807, 11808, 11809]
[290, 326, 327, 323, 386, 468, 484, 644, 674, 543, 915, 465, 1441, 1444, 1449, 1602, 2019, 2392, 2498, 3316, 4489, 6427, 6428, 6690]
[2046, 3062, 6860, 1494, 6522, 7837, 7839, 7840, 7842, 7843, 7844, 7845, 7847, 7848, 7849, 7850, 7852, 7853, 7854, 7855]
[13563, 13564, 13565]
[199, 217, 1231, 1424, 223, 419, 2277, 2398, 2591, 3030, 4074, 4118, 11739, 15344, 15346]
[3335, 1228, 8457, 8465, 8470, 8476, 8477]
[871, 879, 12583, 13396]
[1002, 2459, 8545, 8552, 9287, 9289, 9290, 9291, 9292, 9294, 9295, 9296, 9297, 9299, 9300, 9301, 9302]
[2101, 14840, 16156, 16158, 16159, 16160, 16161, 16163, 16164, 16165, 16166, 16168]
[7312, 12374, 11200, 14742, 11205, 14751, 14753, 14754, 14756, 14757, 14758, 14759, 14761, 14762, 14763, 14764, 14766, 14767, 14768, 14769, 14771, 14772, 14776, 14777, 14778, 14779, 14781, 14782, 14783, 14784, 14786]
[4169, 4174, 4100, 7946, 8264, 8274, 9768, 9769, 9770, 9771, 9773, 9774, 9775, 9776]
[4735, 6031, 6033, 6034, 6036, 6039, 6041, 4727, 9006, 9008, 9009, 9010, 9011]
[1818, 1819, 1823, 1826, 1829, 1830, 1831, 1838, 1840, 1843, 1844, 1845, 1848, 1849, 1850, 1851, 3896, 7877, 13913, 13928, 15772, 15773, 15774, 15777]
[3032, 3043, 4346, 5062, 5068, 5070, 5075, 4504, 5638, 5799, 8947]
[3050, 4500, 6488, 6489, 6490, 6492, 6494, 6495, 14057, 14058, 14060, 14061, 14062]
[11602, 12820, 13888, 14980, 14981, 14982, 14983, 14985]
[1053, 3070, 3310, 5781, 13715, 9646, 9647, 5470, 10028]
[2132, 9912, 10398, 10914, 11752, 11755, 11756, 11757, 11759, 11760, 11761, 11762]
[757, 1398, 2433, 5154, 8068, 4720, 15999, 9484, 16051, 16052, 16404, 16405, 16407, 16408]
[11765, 3265, 3821, 14391, 14392, 14393, 14395, 14396, 14397, 14398, 14400, 14401]
[335, 337, 338, 339, 345, 347, 358, 363, 365, 5465, 6858, 6859, 6862, 6863, 6864, 6867, 6868]
[6983, 7055, 8336, 8515, 8516, 8518, 8519, 8520, 8521, 8523, 8524, 8526, 8528, 8530, 8531, 8534, 8535, 8536, 8538, 8539, 8540, 8541]
[2200, 2621, 2192, 4168, 5067, 2426, 5126, 5960, 5965, 6016, 7943, 8384, 8684, 9516, 11291, 11292, 11293, 11294, 11296, 11297, 11298, 11299, 5125, 8682, 14441, 14443, 14444, 14446, 14448, 14449]
[8930, 11021, 13375, 13376, 13377]
[2556, 6790, 8995, 13152, 13153, 13155, 13157, 13158, 13159, 13160]
[625, 2898, 5303, 563, 5447, 7797, 9455, 5302, 7799, 11424, 11425, 11426, 11428, 11429, 11430, 11431, 11433, 11434, 11435, 11436, 11438, 11439, 11440, 11441]
[13342, 13343, 13344, 13345, 13348, 13349, 13350]
[2298, 2299, 2302, 2303, 2304, 2305, 2310, 2313, 2315, 2318, 2319, 2320, 2322, 2323, 2325, 2327, 2328, 2329, 2332, 2333, 2334, 2335, 2337, 2338, 2340]
[1270, 6546, 6872, 7463, 10998, 11087, 6542, 15570, 17226, 17227, 17228, 17229, 17231, 17232, 17233]
[1715, 4927, 4920, 6397, 7159, 7161, 7162, 7164, 7165, 7166, 7167, 7169, 7170, 7171, 7172, 7174, 7175, 7176]
[1821, 1841]
[3185, 12736, 13366, 13367, 13368, 13369, 13371, 13372, 13373, 13374]
[611, 1508, 3677, 3778, 3987, 5434, 6825, 6826, 6827, 6829, 6832, 6835, 8359, 10454, 7143, 11183, 11185, 11733, 12219, 12358, 15391, 15581, 15582, 15583, 15585, 15586, 15587, 15588, 15590, 15591, 15592]
[577, 8120, 12115, 12061, 12212, 14013, 14014, 14015, 14017, 14018, 14019, 14022, 14023, 14024, 14025, 14027, 14028, 14029, 14030, 14032, 14033, 14034]
[7409, 4679, 5456, 8690, 8691, 8692, 8693, 8695, 8696, 8697, 8698]
[5583, 12081, 5403, 10627, 15544, 15813, 15816, 15817, 13074, 16947, 16949, 16950, 16951]
[315, 1438, 2071, 3173, 3176, 3571, 3931, 4700, 3396, 4867, 4870, 4350, 6119, 7499, 7706, 8154, 890, 9234, 10821, 3073, 11717, 12108, 12109, 18263]
[861, 867, 873, 875, 1534, 2488, 1083, 864, 3285, 3441]
[882, 4081, 5299, 6098, 7265, 12318, 12319, 12320, 12321, 12323, 12325, 12326, 12328, 12329, 12330, 12331]
[840, 4216, 4218, 1645, 4820, 4821, 4833, 12094, 12095]
[1704, 1712, 9263, 50, 9634, 9635, 9637, 9638, 9639, 9640, 9642, 9643, 9644, 9645, 9979, 11937, 14728, 15457, 8405, 18518, 18520, 18521, 18522, 18523, 18525, 18526, 18527]
[5587, 5588, 5590, 5591, 5592, 5593, 5595, 12191, 12192, 12193, 8307, 3983, 9749, 17463, 17464]
[5309, 5311, 5314, 5316, 5317, 5319, 5320, 5321, 5322, 5324, 11056, 13539, 13582, 13583]
[2294, 2572, 4053, 6906, 8460, 8461, 8467, 8469, 12205, 12484, 12485, 12486, 12489, 12490, 12494, 12497, 12500, 12501, 12502]
[7810, 5484, 10720, 12552, 13185, 13188, 13192, 13193, 13194, 13195, 13197, 13198, 13199, 13202, 13204, 13205, 13207, 13208, 13210]
[6133, 9648, 9650, 9651]
[4295, 4300, 4303, 4304, 4305, 4306, 7514, 7714, 7715, 7717, 7718, 7719, 7720, 8228, 8233, 8235, 8237, 8238, 8240]
[4234, 6432, 6433, 6434, 6435, 6437, 6438, 6442, 6443, 6444, 6447, 6449]
[2466, 3602, 3609, 8557, 4520, 11640, 4535, 11769, 11770, 11771, 11772, 11774, 11775, 11776, 11777, 11779, 11780, 11781, 11782]
[4770, 5987, 5989, 5990, 5992, 663, 8017, 8018, 8019, 8020, 8022, 8023, 8024, 16381, 16383, 16384, 16490, 16491, 16492, 16493, 16495, 16496, 3499, 18472]
[8966, 8968, 8969, 8970, 8971, 8973, 8974, 8975, 8976, 8978, 8979, 8980, 8981, 8984, 8985, 8986]
[3882, 6052, 5074, 11193, 4775, 5348, 11557, 11558, 11559, 11561, 11562, 11563, 11564, 11566, 11567, 11568, 11569]
[3407, 4691, 21, 4950, 4952, 4953, 4954, 4955, 4957, 4958, 4959, 4960, 4962, 4963, 4964, 4967, 4968, 4969, 4972, 4973]
[6002, 6697, 7136, 8823, 9014, 9016, 9017, 9018, 9019, 9021, 9022, 9023, 9024, 9026, 9027, 9028, 9029, 9031, 9032, 9033, 9034, 9036, 9037, 9038, 9039]
[3740, 10797, 10798, 10799, 10801, 10802, 10803, 10806, 10999, 11001, 11002, 11003, 11006]
[2292, 8119, 8311, 12111, 12113, 12116, 12118, 12119, 12120, 12121, 12123, 12124, 12125, 12126]
[5421, 8251, 12707, 16662, 16663, 16664]
[74, 79, 83, 87, 92, 2571, 4975, 6732, 6736, 6776, 7063, 7064, 7065, 7066, 7070, 13900, 13901]
[4038, 8140, 8579, 8580, 8582, 8584, 9498, 11638, 11879, 12821, 12822, 12823, 12824, 12826, 12827, 12828, 12829, 14522, 14524]
[1825, 1834, 2182, 3313, 4912, 4913, 4914, 4916, 4919, 4921, 4924, 4926, 4929, 4932]
[4732, 8583, 8585, 9988, 9989, 9991, 9993, 11335, 15238, 15240, 15241, 15242, 15243]
[154, 170, 196, 200, 206, 237, 418, 858, 1109, 2616, 3898, 4051, 6187, 7505, 10515, 15100]
[1169, 1170, 1174, 1175, 1176, 6161, 6176, 3505, 13318]
[3379, 3380, 3383, 3385, 3388, 3390, 3394, 3395]
[287, 6426, 10510, 10512, 10513, 10514, 12968, 12969, 12970, 12971, 17913, 17914, 17915]
[3864, 4269, 6129, 8319, 8320, 8322, 8325, 8327, 8328, 8329, 8330, 8332, 8333, 8334, 8335, 8337, 8338, 8339, 8340, 8342, 8343, 8345]
[582, 3024, 8108, 8112, 8113, 8114, 8116, 8117, 8118, 8124, 8126, 8127, 8129, 14020]
[11123, 11127, 11129, 11131]
[1481, 5412, 7007, 7276, 4717, 7811, 7812, 7813, 7815, 7816, 7817, 7818, 7820, 7821, 7822, 7823, 7825, 7826, 7827, 7828, 13714, 14797, 14798, 14800]
[12496, 12220, 6833, 15124, 15365, 15849, 15850, 15852, 15853, 15854, 15855, 15857, 15858, 15859, 15860, 15862, 15863, 15864, 15865, 15867, 15868, 15869, 15870, 15872, 15873]
[761, 1784, 2028, 2813, 3870, 5063, 5153, 8383, 4889, 1921, 13011, 14685, 14687, 14688, 14689, 14690, 14693, 14694, 14695, 14697, 5069, 13904, 16388, 16389, 16390, 16391, 16393, 16394]
[496, 504, 516, 978, 979, 1044, 1797, 1145, 2620, 2794, 2967, 1927, 2851, 7775, 10310]
[4863, 4734, 8702, 16751, 18314, 18315, 18317, 18318, 18319]
[276, 1614, 1640, 1622, 1946, 1948, 1952, 1963, 2909, 2921, 5883, 4586, 10552, 10555]
[1117, 1129, 1137, 1138, 1141, 1144, 16, 7455, 7458, 7459, 7460]
[2023, 2047, 2053, 3060, 5249, 3063, 17081, 17082, 17083, 17085, 17086, 17087, 17088, 17090]
[103, 137, 748, 603, 1708, 2605, 3164, 3707, 3732, 4049, 6043, 6581, 6160, 6755, 2145, 10520, 5543, 8782, 8988, 12981]
[10431, 10433, 10434, 10438, 10439, 10440]
[9256, 9501, 9505, 9507]
[1380, 4355, 4357, 4360, 4362, 4364, 4367, 4370, 4371, 4372, 4374, 4376, 4377, 4380, 13012, 13013, 13014, 13339, 13340]
[3370, 6554, 7787, 13468, 16049, 6534, 16567, 17786, 17787, 17789, 17790, 17791]
[2549, 4582, 4773, 5462, 5976, 9158, 10683, 14630, 3076, 14698]
[9053, 17096, 17097, 17098, 17099, 17101, 17102, 17103, 17104, 17106, 17107, 17108, 17109, 17111, 17112, 17113, 17114, 17116, 17117, 17118, 17119, 17121, 17122, 17123, 17124, 17126, 17127, 17128, 17129, 17131, 17132, 17133, 17134, 17136]
[7101, 7102, 7104, 7105, 7106, 7107, 7109, 7110]
[4396, 4398, 4399, 4406, 4407, 4411, 4412, 4417, 4419, 4421, 4422]
[1994, 2172, 2962, 2964, 2969, 3723, 6570, 7903, 9717, 10828, 10829, 10832, 10833, 10834, 1267, 2155, 18227, 18228]
[6206, 11741, 9948, 13097, 13098, 13099, 13100, 13102, 13103, 13104, 13105]
[4518, 4519, 4521, 4522, 4523, 4524, 4526, 4527, 4528, 4529, 4531, 4533, 4534, 4537, 4539, 4542, 4544, 4546, 4547]
[5173, 5325, 5327, 5329, 5330, 5331, 5332, 5334, 5335, 5336, 5337, 5339, 5340, 5341, 5342, 5344, 5345, 5346, 5347, 5349, 5350, 5351, 5352, 5354, 5355, 5356, 5357, 5359, 5360, 5361, 5362, 5364, 9353, 9356, 5343, 7029, 9357, 11522, 11523, 11524, 11525, 11527, 11528, 11529, 11530, 11532, 11533, 11534, 11535, 11537, 11538, 11539, 11540, 11542, 11543, 11544, 11545]
[1209, 9446, 9458, 10395, 9457, 12365, 15641, 10359, 16450, 16451, 16453, 16454, 16455, 16456, 16458, 16459, 16460, 16461, 16463, 16464, 16465, 16466, 16468, 16469]
[4671, 4681, 17398, 17399, 17400, 17402, 17403, 17404, 17405, 17407, 17408, 17409, 17410]
[2144, 10041, 10364, 11370, 13790, 13791, 13792, 13794, 13795, 13796, 13797, 13799, 13800, 13801, 13802, 13804, 13805, 13806, 13807, 13809, 13810, 13811, 13812, 13814, 13817, 13820, 13821, 13822, 13824, 13825, 13826, 13829]
[3292, 885, 9324, 11489, 11598, 11492, 18424, 18426, 18427, 18428, 18429, 18431, 18432, 18433]
[1056, 5487, 5490, 8887, 9840, 10043, 10044, 10046, 10047, 10048, 10049, 10051, 10052, 10053, 10054, 10056]
[11938, 13180, 9636, 15569, 16010, 16011, 16012, 16015, 16016, 16017, 16018, 16020, 16021, 12130, 12291, 18155, 18156, 18157]
[4133, 7411, 8590, 8593, 8595, 18116, 18117]
[607, 712, 737, 1419, 1425, 2853, 1110, 1413, 3264, 3272, 3481, 4123, 4785, 5171, 5172, 5175, 3230, 7054, 1660, 8660, 13394, 13395, 14053, 16094]
[8157, 8158, 8162, 8163, 8166, 8167, 8168, 8169, 2522, 9383, 9385, 9386, 9389, 9390, 9391, 9393, 9394, 9395, 9396, 9398, 14280, 16995]
[1230, 6831, 7259, 10201, 13815, 13813, 13912, 13914, 13915, 13916, 13917, 13919, 13920, 13921, 13922, 13924, 13925, 13926, 13927, 13930, 13931, 13932]
[7869, 9417, 9418, 9419, 9420, 9422, 9425, 9427, 9428, 9429, 9430, 9432, 9434, 9435, 9437]
[1846, 7137, 7245, 7246, 7247, 7248, 7251, 7253, 7255, 7256, 7257]
[1112, 1411, 2016, 4675, 4784, 4787, 4790, 5301, 5902, 6571, 6572, 6573, 6575, 6576, 6577, 6578, 5297, 7791, 7793, 7795, 7796, 7798, 7800, 7801, 7803, 7805, 7806, 7807, 7808, 7929]
[2904, 2906, 2913, 2915, 2916, 2930, 2907, 6900, 6901]
[1146, 1154, 1225, 4922, 7126, 7133, 7431, 7488, 2634, 1909, 7124, 9550, 9552, 9553, 9554, 9555, 9557, 9558, 9559, 9560, 9562, 9563, 9564, 9565, 17958, 17959]
[2372, 2363, 3085, 3090, 3091, 3093, 3096, 5451, 10126, 7108, 10994, 10996, 18022]
[624, 3203, 1779, 4742, 6136, 6138, 6139, 6141, 6143, 6144, 6145, 6148, 16779, 16780, 16781, 16782, 16784]
[7122, 7661, 7662, 7664, 7666, 7667, 7668, 7669, 7671, 7672, 7673, 7674, 7676, 14359, 4515, 3117, 3484, 10961, 11277, 18003, 18004, 18005, 18007, 18008, 18009]
[248, 249, 271, 1631, 2931, 10393, 10396, 10399, 10400]
[3453, 3790, 9213, 9215, 9872, 10742, 9212, 10768, 13971, 15199, 15200, 15201, 15202, 15204, 15205, 15206, 15207, 15209, 15210, 15211, 15212]
[487, 3196, 4044, 6548, 7078, 5, 2465, 8044, 8045, 8046, 8048, 8049, 8050, 10736, 10739, 10741, 11031, 6547, 11112, 14284, 14285, 14286, 14289, 14290, 14291, 14292, 14294, 14295, 14296]
[4125, 6363, 9531, 9532, 9533, 9534]
[2156, 2164, 2173, 2578, 4854, 4855, 4856, 4857, 4859, 4860, 4861, 4862, 4864]
[3710, 3004, 11655, 12131, 12132, 12133, 12136, 12138, 12140, 12141, 12142]
[4264, 5253, 5949, 5958, 6552, 6593, 6595, 6596, 6597, 6601, 6603, 6606, 6607, 6608, 6610, 6611, 6612, 6613, 6615, 6616, 6617, 10919, 10920, 10921, 10922, 6614]
[1605, 1636, 267, 2252, 3355, 3357, 4585, 6343, 6887, 8929, 11401, 1959, 12902, 14424, 17926, 17927, 17929, 17930, 17931]
[5820, 8795, 9459, 9461, 9462, 9463, 9464, 9466]
[1255, 1269, 1288]
[1592, 1593, 1594, 1598, 1599, 1603, 14095, 14596, 14597, 14599, 18273, 18274, 18275, 18277, 18278, 18279]
[6173, 9143, 9271, 7700, 9362, 16317, 16318, 16320, 16321, 16322, 16323, 16325, 16326, 16327, 16328, 16330, 16331, 16332, 16335]
[2001, 7902, 8994, 9917, 9918, 9919, 9921, 9922, 9923, 9924, 7707, 14871, 14872, 14873, 14874, 14876, 14877, 14878, 14879, 14881, 14882, 14883, 14884, 14886]
[592, 610, 1123, 578, 1833, 2419, 1130, 7267, 11595, 11596, 11597]
[3086, 3328, 6391, 7678, 9960, 3242, 10401, 10404, 10405, 10406, 10408, 10409, 10410]
[1012, 2497, 2501, 2503, 2505, 2508, 2511, 2513, 2516, 2517, 2518, 8778, 8779, 8780, 8781, 8783, 8785, 8788, 8789, 8790, 8791]
[652, 660, 669, 1057, 3572, 3930, 8718, 4817, 6505, 13282, 13284, 13285, 13286, 13287, 12947, 15347, 15348, 15349, 15350, 15352, 15353, 15354]
[1802, 2796, 5433, 5436, 8314, 8543, 8544, 8547, 8548, 8549, 8550, 8553, 8554, 8555, 8558, 8559, 8560, 8562, 8563, 8564, 8565, 8567, 8568, 8569, 8570, 8572, 8573, 8574, 8575]
[4233, 4947, 6191, 9672, 9962, 9963, 9964, 9965, 9967, 10035, 11265, 6436, 11358, 16002, 16003, 16004, 16005, 16007, 16008, 14439, 16499, 16500]
[7155, 9286, 4078, 10107, 10109, 10112, 10114, 10115, 10117, 10118, 10119, 10120, 10122, 10123, 16364]
[259, 1611, 1619, 5191, 6321, 6336, 3346, 13094, 10893, 11360, 12755, 14225, 14226, 14227, 14228, 14230, 14231, 14232]
[3737, 3714, 4191, 4196, 4201, 6294, 9852, 4207, 13518, 13520, 13521, 13522, 13525, 13526, 13527, 13528, 8280, 13260, 16134, 16135, 16137, 17148, 17149, 17150, 17152]
[7148, 10333, 10336, 10358, 10363]
[2869, 2873, 3058, 8354, 11923, 7532, 8805, 12049, 12050, 12052, 12053, 12054, 12055, 12058, 12060, 12626, 12627, 12628, 12629, 12631, 12632, 12633, 12634, 12636, 12637, 12638, 12639, 12641, 12642, 12643, 12644, 12646, 12647, 12648, 12649, 14123, 14124, 14125, 14127, 14129, 14130, 14132, 14133, 14134]
[268, 330, 545, 907, 3713, 4564, 5536, 5680, 5681, 5683, 1245, 5988, 6567, 10429, 6346, 16804, 14278, 18463, 18464]
[1757, 1760, 1762, 1765, 3749, 11766, 11767]
[10937, 6995, 12805, 17654, 17660, 17669, 17674, 17677, 17683]
[2374, 3722, 4612, 4678, 5667, 8661, 9410, 11814, 11815, 11816, 11817, 2385, 13726, 13727]
[403, 481, 486, 498, 536, 1045, 1246, 1247, 1470, 1673, 1681, 1872, 2080, 2432, 2839, 2987, 3384, 3402, 3859, 3932, 4850, 3712, 4471, 6006, 9156, 4484, 16891]
[3108, 8109, 6422, 10618, 11414, 11415, 11416, 11417, 11419, 11420, 11421, 11422]
[2095, 2099, 5563, 4980, 1912, 3552, 15325, 17485, 17712, 17713, 17716, 17717, 17718, 17720, 17721, 17722, 17723, 17725, 17726, 17727]
[3420, 6957, 11703, 5169, 13935, 11516, 11979]
[1943, 1951, 1955, 1956, 1961, 1967, 1968, 1973, 12195, 3541, 4726, 7695, 14760, 17960, 17961, 17963, 17965, 17966, 17967, 17968, 17970, 17971, 17972, 17973, 17975, 17976, 17977]
[1147, 3105, 6390, 7287, 8102, 9404, 13830, 13832, 15776, 11281, 16952, 16953, 16954, 16955, 16957, 16958, 16959, 18473]
[3521, 7467, 7471, 7472, 7482, 7487, 7491, 7494, 7497]
[749, 9970, 9995, 9996, 9998, 10000, 10001, 10002, 10003, 10005, 10006, 10007, 10008, 10010, 10011, 10012, 10013, 10015]
[6758, 7456, 10719, 12452, 9405, 13499, 13500, 13501, 13504, 13505, 13506, 13507, 13509, 13510, 13511, 13512, 11020, 11263, 13498, 14245, 18326, 18327, 18328, 18329, 18331, 18332, 18333]
[4063, 7351, 7177, 8708, 13716, 12410, 14452, 14454, 14455, 16090, 16091, 16093, 16153, 16155]
[309, 314, 332, 800, 911, 1589, 1591, 1604, 1936, 1937, 1939, 1940, 3315, 4560, 4563, 638, 10987, 10989, 10991, 11721, 11723, 9847, 15213, 15214]
[5137]
[108, 114, 121, 123, 124, 128, 129, 131, 132, 139, 141, 143, 147]
[7605, 7606, 7607, 7608, 7610, 7611, 7612]
[2971, 3727, 3998, 4000, 4001, 4005, 4006, 4007, 4008, 4010, 4011, 4012, 4013, 4015, 4016, 4017, 4018, 4020, 4021]
[1548, 2169, 4496, 4497, 4498, 4501, 4503, 4505, 4506, 4507, 4508, 4510, 4511, 4936, 8261, 8401, 10036, 11865, 14789, 14791, 14792, 14793, 14794, 14796]
[2615, 7395, 7655, 9751, 10436, 2514, 12987, 14525, 14526, 14527, 14529, 14530, 14531, 14532, 14534]
[509, 2954, 6257, 5706, 8014, 8366, 8367, 8368, 9674, 9675, 9676, 10854, 10856, 10857, 10858, 10859, 10861]
[2276, 2285, 6761, 11396, 11591, 12198, 12199, 12200, 12203, 12204, 12206, 3222, 5318, 15613, 15615, 15616, 15618, 15619, 15620]
[6667, 5475, 15037, 17783, 18145, 18147, 18148, 18149, 18150, 18152, 18153, 18154]
[4097, 4183, 4184, 4185, 4186, 4188, 4190, 4193, 4194, 4195, 4198, 4199, 4200, 4203, 4206, 4209, 4210, 4211, 4213, 4214, 4215, 4219, 4220, 4221, 5305, 5315, 4212, 8275, 10564, 10565, 10566, 10567, 10569, 10570, 10571, 10572, 10574, 10575, 10576, 10577, 10579, 10580, 10581, 12114, 4217, 8125, 17846, 17847, 17848, 17849, 17851, 17852, 17853]
[6310, 6311, 6312, 6313, 6564, 6565, 8761, 9494, 9495]
[4895, 5066, 5791, 5970, 8625, 13857, 14624, 16181, 16182, 16183, 16185, 16186, 16187, 16188, 16190, 16191, 16192, 16193, 16195, 16196, 16197, 16198, 16200, 16201, 16202, 16203, 16205]
[2486, 5050, 8150, 12974, 12975, 12976, 12977]
[3236, 3544, 3545, 3546, 3549, 3550, 3553, 3555, 3559, 3560, 3561, 3564, 3565, 3566, 3234, 10300, 10301, 10302, 10303, 10305, 10307, 10308, 10311]
[1086, 5584, 6870, 6874, 6877, 6879, 6880, 6882, 6884, 7454, 9144, 7457, 10974, 16013, 16961, 16962, 16963, 16964, 16966, 16967, 16968, 16969, 16971, 16972, 16973]
[7635, 7636, 7638, 7640, 13058, 13059, 13060, 13061]
[4354, 7146, 6224, 6302, 6305, 6685, 8776, 9535, 9537, 9538, 9542, 9543, 9544, 869, 11253, 13406, 14456, 14457, 14459, 14460, 14461, 14462, 14464, 14465, 14466, 14467, 14469, 14470]
[10847, 13066, 17153, 17155, 17156, 17157, 17158, 17160, 17161, 17162, 17163, 17165, 17166, 17167, 17168, 17170, 17171, 17172]
[620, 1089, 1107, 2480, 2535, 2537, 3298, 5890, 8656, 9632, 6852, 13834, 16169]
[189, 518, 521, 7, 1104, 1114, 1714, 3238, 5073]
[1071, 12044]
[2944, 4866, 1920, 9828, 12657, 12658, 12659, 12660, 12662, 12663, 12664, 12665]
[3249, 6679, 6681, 6682, 6683, 6684, 6686, 6688, 7274, 9277, 12546, 14063, 14064, 14065, 14067, 14068, 14069]
[364, 2443, 2451, 3582, 3585, 3587, 3590, 3592, 3593, 3594, 3595, 3597, 3598, 3599, 3600, 3603, 3604, 3605, 3607, 3608, 3610, 3606, 3764, 3765, 8098, 8099, 8100, 8101, 8103, 8104, 8105, 8106]
[12434, 12439, 12447, 12454]
[3776, 3854, 5250, 6462, 11477, 10891, 633, 17048, 17962, 3130, 15556, 18354, 18355, 18356, 18357, 18359, 18360, 18361, 18362, 18364, 18365, 18366]
[331, 491, 527, 547, 475, 1402, 1613, 1860, 2179, 2242, 2905, 3317, 3716, 3708, 6389, 2976, 8161, 9384, 9684, 11685]
[3447, 1423, 7375, 7378, 7380, 7383, 7384, 7385, 7387, 7388, 7376, 13398, 13399, 13400, 13401]
[15267, 15268, 15270, 4455, 13844, 16834, 16835, 16836]
[3209, 5482, 8883, 8885, 8886, 12013, 15824, 15825, 15826, 15827, 15829, 15830]
[2857, 3458, 4061, 4066, 4071, 4072, 4538, 4541, 5257, 3635, 10412, 8130, 10972, 12674, 15301]
[2358, 3570, 3907, 3908, 3909, 3910, 3912, 3913, 3917, 3918, 3919, 3922, 3923, 3924, 3925, 5729, 3911, 16599, 16600, 16601, 16603, 16604, 16605]
[3760, 4815, 5285, 5810, 11956, 13588, 8422, 15396, 15397, 15398, 15399, 15401, 15402, 15403, 15404, 15406, 15407, 15408, 15409, 15411, 15412, 15413]
[1827, 13451, 7344, 14508, 14510, 18585, 18586, 18587, 18588, 18590, 18591, 18592]
[1991, 2122, 6246, 8174, 11753, 13090, 16336, 16337, 16338, 16340, 16341, 16342, 16343, 16345, 16346, 16347, 16348, 16350]
[9333, 9335, 9337, 9339, 9340, 9343]
[4365, 7049, 7053, 7058, 12495, 16445, 16446, 16448, 3645, 18023, 18024, 18025]
[3810, 9354, 13846, 13848, 13849, 13850, 13851, 13853]
[2644, 3418, 7261, 8512, 13633, 14945, 15228, 15229, 15230, 7509, 15965, 15966, 15967, 15968, 15970, 15971, 15972, 15973]
[20, 7913, 7915, 7916, 7920, 7921, 7923, 7926]
[2312, 6961, 8425, 8439, 8450, 8452, 8436, 17067, 13503, 17982]
[68, 82, 98, 994, 995, 1005, 1006, 1891, 1899, 2936, 2937, 1893, 3920, 5833, 2562, 6742, 6784, 7347, 9252, 9253, 9254, 9255, 10626, 11929, 11930, 11932]
[6729, 8403, 10845, 10846, 10850]
[4319, 4343, 7097, 4331]
[97, 548, 1934, 1556, 3125, 3128, 3488, 4816, 5846, 6647, 6723, 7503]
[1807, 2788, 3739, 739, 3129, 15472]
[1857, 2000, 2104, 5089, 1922, 9569, 12280, 12281]
[9452, 9779, 9780, 9781, 9782, 9784, 9785, 9786, 9787]
[1156, 2681, 3993, 6580, 6585, 6586, 6587, 6588, 7121, 7123, 7125, 7127]
[3861, 4649, 8229, 8689, 11628, 11629, 11630, 11631, 11633, 11634, 11635, 11639, 11641]
[4627, 4628, 4630, 4632, 4635, 4637, 4640, 4641, 4643, 4647, 4648, 4650, 4655, 4660]
[6345, 8906, 8907, 8908, 8909, 8911, 8912, 8913, 8914, 8916, 8917, 8918, 8919]
[1879, 1880, 1882, 1887, 1889, 1894, 1902, 6057, 6058, 6061, 6062, 6063, 6065, 6066, 6067, 6070, 6071, 6072, 6073, 6075, 5832, 6782, 6786, 6787, 6791]
[1101, 1155, 1986, 2587, 3457, 3463, 3465, 4448, 6032, 7327, 10681, 13009, 13010, 11716, 14222, 14223, 12915, 14264, 14265, 14266]
[5924, 5930, 5931, 5933, 10554, 10849]
[5417, 16277, 16278, 16280, 16282, 16285, 16287, 16292, 16293, 16294, 16297, 16299, 16300, 16302, 16312]
[2217, 2219, 2221, 2224, 2225, 2229, 2230, 2231, 2234, 2235, 2239, 2240, 2245, 2246, 2249, 2254, 2255, 2256, 2257, 2259, 2260, 2261, 2262]
[3257, 7129, 13709, 15711, 15712, 15713, 15714, 15716, 15717, 15718, 15719, 15721, 15722, 15723, 15724, 15726, 15727, 15728]
[2290, 5478, 6230, 9971, 14347, 14350, 14353, 14355, 15655, 17053, 17054, 17055, 17057, 17058, 17059, 17060, 17062, 17063, 17064, 17065, 17068, 17069, 17070, 17072, 17073, 17074]
[520, 976, 3513, 10162, 11107, 12338, 12505, 13754, 18734, 18735, 18737, 18738, 18739, 18740, 18742, 18743, 18744]
[6598, 6632, 9692, 9858, 10616, 14360, 14361, 14362, 14363, 14365, 14366, 14367, 14368, 14370, 14371, 14372, 14373, 14375, 14376]
[1901, 2631, 2635, 2636, 2642, 3934, 8012, 11480, 11926, 12599, 3275, 7789, 13067, 13068, 13069]
[2818, 4047, 4246, 4248, 4250, 10651, 10653, 10654, 10656, 10657, 10658, 10659, 10661]
[705, 708, 1241, 1662, 714, 1775, 3204, 3741, 5453, 4466, 7322, 303, 9193, 13964, 13965, 13966, 14450, 14614, 15321]
[817, 13847, 18528, 18530, 18531, 18532, 18533, 18535, 18536, 18537, 18538, 18540, 18541, 18542, 18543, 18545, 18546, 18547]
[2509, 7293, 7295, 7296, 7297, 7298, 7300, 7302, 7303, 7305, 7306, 7307, 7308, 7310, 7311, 7313, 7315, 7317]
[3190, 3087, 3556, 3558, 4985, 10, 10430, 10973, 10975, 10977, 10979, 10980, 10982, 10864, 10867, 10870, 15531, 15532, 15533, 15534]
[93, 96, 992, 2554, 1883, 4126, 14632, 15244, 15246, 15248, 15249, 15449, 15450, 15452, 15453, 15454, 18224, 18225, 18226]
[4253, 11651, 11653, 11654, 11656, 11658, 11661, 11664, 11666, 11668, 11669, 11671, 11672, 11677, 11679, 11683]
[6823, 12672, 12673, 12675, 12676, 12677, 12678]
[2656, 2658, 2663, 2666, 3033, 4259, 11392, 11394, 11395, 10316, 14153, 9153, 12661, 13782, 15927, 15928, 15929, 15931, 15932, 17620, 17621]
[1443, 1500, 5239, 6319, 6317, 11139, 13293, 13294, 13296, 13297, 13298, 13299, 13301, 13302, 13304, 282, 14339, 14340, 14342]
[4488, 6233, 3684, 8797, 8798, 8799, 8800, 9079, 9080, 9082, 9083, 9085, 10678, 10680]
[2895, 13272, 13621, 11871, 14740, 17207, 17208, 17209, 17210, 17212, 17213, 17214, 17215, 17217, 17218, 17219, 17220, 17222, 17223, 17224]
[425, 437, 898, 1390, 2137, 2533, 3057, 1632, 3730, 3738, 5547, 4089, 971, 7194, 7324, 14580]
[3399, 7945, 11236, 11237, 11239, 11241, 11242, 11244]
[11553, 12492, 12499]
[427, 1777, 2134, 2611, 3692, 3770, 6222, 5030, 7663, 2133, 5429, 8643, 3797, 12165, 2128, 16668, 17619, 17912]
[5834, 5835, 5838, 5839, 5840, 5843]
[11763, 13717, 13718]
[3403, 3665, 3669, 3670, 3671, 4780, 4786, 4789, 6140, 6851, 6853, 6854, 6855, 4111, 9873, 13962, 14618]
[5771, 5773, 5776, 5777, 5778, 5779, 10329, 10330, 12959, 13735, 5758, 14536, 14537, 14538, 14539, 14541]
[758, 759, 2154, 2383, 460, 2820, 3362, 4173, 4225, 4226, 4227, 4228, 4231, 4235, 4236, 4237, 4238, 4240, 3828, 4896, 6439, 7637, 8298, 8999, 9001, 9003, 9004, 12412]
[334, 457, 462, 479, 3320, 2021, 3576, 9231, 9280, 9281, 15291, 17143, 17144, 17145, 17147]
[5038, 5044, 5057, 14898, 14899, 14901, 14902, 14903, 14904, 14906]
[1213, 3276, 3278, 3283, 3284, 3286, 3287, 3291, 3296, 3297, 3280, 3893, 4138, 5913, 10105]
[152, 186, 506, 188, 1111, 1134, 1143, 1216, 2006, 3405, 3421, 3940, 3788, 9716, 12930]
[876, 27, 12509, 12504, 12506, 12507, 12508, 12511, 12512, 12513, 12514]
[855, 917, 918, 1358, 1369, 1372, 2342, 2362, 1360, 4458, 2055, 7047, 7423, 9698]
[6654, 6655, 6676, 6963, 6964, 6966, 6967, 6968, 6969, 6972, 6973, 6974, 6976, 6977, 6978, 6979, 6981, 6982, 6984, 6986, 6987, 6989, 6991, 6992, 6993]
[560, 4243, 5657, 8481, 8482, 8483, 8485, 8486, 8487, 8488, 8490, 8491]
[4107, 4204, 5227, 8932, 10759, 8927, 13692, 17094, 5632, 8951, 16272, 17936, 17937, 17938, 17939, 17941, 17942, 17943, 17944, 17946, 17947, 17948, 17949, 17951, 17952, 17953]
[4772, 4776, 4777, 7942, 7944]
[3687, 4035, 6038, 7782, 9718, 9721, 9722, 9723, 9725, 9726, 9728, 9730, 9731, 9732, 9733]
[865, 2036, 2040, 2041, 5254, 6241, 9869, 9969, 12817, 12818, 15477, 15478, 15479]
[5269, 5270, 5271, 5272, 5274, 5275, 5276, 5277, 5279, 5280, 5281, 5282, 5284, 5286, 5287, 5289, 5290, 5291, 5292, 5294]
[4800, 4467, 5226, 5443, 5594, 6466, 6468, 6469, 6470, 6471, 6473, 6474, 6475, 6476, 6478, 6479, 6480, 6481, 6483, 6484, 6485, 6486]
[291, 304, 325, 344, 461, 466, 318, 531, 544, 646, 528, 686, 790, 802, 908, 1032, 1034, 1042, 1428, 1429, 1456, 2020, 2082, 2548, 4513, 2546, 4811, 1690, 13497, 16832, 17080, 18270]
[8889, 8890, 8891, 8892, 8894, 8895, 8896, 8897, 8899, 8900, 8901, 8902]
[8827, 9236, 9237, 9240, 9241, 9244, 9245, 9246, 9247]
[1663, 1966, 3745, 10590, 11177, 11178, 11179, 11180, 11182, 11456, 11458, 11459, 11461]
[1126, 9528, 2331, 8699, 16122, 18666, 18667, 18669, 18670, 18671, 18672, 18674, 18675, 18676, 18677, 18679, 18680, 18681, 18682, 18684, 18685, 18686, 18687, 18689, 18690, 18691, 18692, 18694, 18695, 18696, 18697]
[1204, 2837, 4690, 4781, 6765, 8278, 9122, 14135, 14194, 14195, 14196, 14197, 14199, 14200, 14201, 11502, 12909, 15874, 15875, 15878, 15879, 18205, 18206, 18207]
[8493, 6210, 8864, 13419, 13610, 11229, 8591, 16678, 16679, 16680, 16682, 16683, 16684, 16685, 16687, 16688, 16689]
[723, 8424, 8428, 8432, 8434, 8442, 8444, 8447, 8448, 8455]
[260, 266, 1941, 6376, 8991, 9905, 9907, 10997, 12406, 15919, 15921, 15924]
[5155, 5161, 5162, 5163, 5166, 5167, 5170, 9465, 10689, 10776, 11301]
[2118, 5566, 4437, 3858, 9013, 10925, 10927, 10928, 10929, 10930, 10932, 10933, 10934, 10935, 10938, 10939, 10940, 10942]
[13605]
[7412, 7416, 7417, 9197, 11324, 11325, 11326, 11327, 11822, 13529, 14337, 15162, 15163, 15164, 15165]
[8662, 8664, 8665, 8667, 8669]
[1160, 1415, 2127, 2742, 2834, 2899, 3620, 3888, 4251, 5844, 7043, 7046, 7048, 6165, 7935, 8794, 11501, 9347, 16139, 16138, 18656, 18657]
[2781, 3480, 5005, 5006, 5007, 5008, 5010, 5011, 5012, 5013, 5015, 5016, 5004, 7112, 7114, 7116, 7117, 7118, 9460, 10687, 10688, 10690, 12934, 12936, 12937, 12938, 12939]
[7319, 8663, 9916, 11283, 13880, 13881, 13882, 13884, 13885, 13886, 13887, 13889, 13890, 13891, 13892]
[7214, 8769, 8770, 8772, 8773, 8774, 8775]
[2648, 2649, 2650, 2651, 5483, 5486, 7441, 7444, 7446, 9468, 9866, 9867, 9868, 10064, 10065, 10066, 10068, 13994, 13995, 18571, 18572]
[751, 752, 769, 2817, 3417, 3805, 3809, 4271, 10676, 12324]
[1212, 1221, 1229, 3443, 3531, 9438, 9439, 9440, 9441, 9443, 9444, 9445, 9448, 9449, 9450, 9451, 9453, 9454, 9456, 1223, 10672, 10673]
[2232, 6903, 15101, 18098, 18099, 18100, 18101, 18103, 18104, 18105, 18106, 18108, 18109, 18110, 18111, 18113, 18114, 18115]
[446, 2295, 9307, 12548, 14221, 15345, 8965, 9319, 15819, 17744, 17898, 18080, 18081, 18083, 18084, 18085, 18086, 18088, 18089, 18090]
[6638, 6639, 6642, 6643, 6644, 8727, 11222, 11323, 14184, 14186, 14187, 14189, 14190, 14191]
[207, 210, 225, 208, 420, 432, 716, 969, 1048, 1090, 1239, 1376, 1400, 1512, 424, 1988, 2121, 2539, 2600, 2614, 2708, 3767, 4435, 2524, 16667, 16896]
[2659, 5980, 5981, 5982, 5983, 8358, 8362, 8363, 4512, 5685]
[353, 695, 702, 4256, 4261, 6201, 6543, 7393, 11582, 11583]
[3334, 3337, 3339, 3340, 3342, 3343, 3344, 3345, 3347, 3348, 3349, 3350, 3353, 3358, 3359, 3363, 3365]
[1404, 4027]
[8945, 11042, 12096, 14106, 14109, 14110, 14111, 14113, 14114, 14115, 14116, 14118, 14119, 14120]
[9961, 2160, 5101, 5107, 10573, 11851, 11852, 11853, 11854, 11856, 11857, 11858, 11861, 11862, 11863, 11864]
[763, 2573, 6759]
[804, 809, 813, 814, 818, 832, 815, 1547, 850, 1861, 2209, 2211, 2384, 2576, 4167, 5100, 8471, 12779, 14581, 14583, 7386]
[286, 567, 3133, 5848, 5850, 9843]
[3354, 3442, 3792, 5636, 3523, 10674, 9260, 15918, 11788, 17180, 17181, 17182, 17184, 17185, 17186, 17187, 17190, 17191]
[1683, 3401, 6000, 8373, 8374, 8376, 8377, 8378, 8379, 10317, 8960, 15183, 15184, 15185, 15186, 18558, 18559, 18560, 18562, 18563, 18564]
[3718, 8466, 8472, 8474, 10549, 11785, 11786, 11787, 11789, 11790, 11791, 11792]
[1171, 2530, 3689, 2268, 6074, 8700, 8703, 8704, 8705, 11464, 11465, 11466, 11467, 8716, 11280, 13557, 13729, 14233, 14235, 14236, 14237]
[473, 7656, 10185, 10186, 10187, 10188, 10190, 10191, 10992, 9660, 15414, 15415, 15417, 15418, 15419]
[3829, 3831, 3834, 3835, 3836, 3839, 3840, 3841, 3842, 3844, 3845, 3846, 3847, 3849, 3850, 3851, 3852]
[5164, 6259, 17271, 17272, 17273, 17274]
[404, 2088, 2086, 3991, 5094, 5572, 1148, 9566, 9568, 9570, 9572, 9573, 9575, 9577, 9580, 9581, 9583, 9586, 9588]
[283, 1050, 1058, 2988, 3332, 4575, 9183, 15470, 15471, 15821, 16566]
[2429, 4096, 5135, 8459, 11811, 8468, 14208, 5753, 15055, 17474, 17475, 17476]
[5809, 5811, 5813, 5814, 5816, 5817, 5818, 5819, 5821, 5822, 5823, 5824, 5826, 5827, 5828, 5829, 5831]
[181, 348, 726, 1263, 1359, 1710, 930, 2014, 2945, 3197, 955, 3244, 3422, 1914, 1917, 3901, 4135, 4137, 1931, 4162, 1913, 7103, 18440]
[4782, 5692, 9521, 9522, 9523, 9524, 9526, 9527, 9529, 13123, 7039, 15480, 15482, 15483, 15484]
[2643, 3041, 6834, 10309, 11000, 11413, 11977, 11978, 11980, 11981, 11982, 11983, 11985, 11986, 11987, 11988, 11990, 11991, 11992, 11993]
[1392, 1455, 2084, 2978, 3075, 4562, 5947, 7268, 7270, 5948, 10823, 11995, 15236, 15237, 16524, 16606, 17205, 17206]
[359, 3319, 5975, 7461, 13444, 13445, 16409, 16410, 16534, 16535]
[983, 1726, 7802, 10325, 2003, 4613, 10907, 10908, 10909, 10913, 10915, 10917]
[8292, 9940, 11843, 11844, 11845, 11846, 17883, 17884]
[2399, 2400, 2403, 2409, 2410, 2412, 2413, 2414, 2417, 2418, 2420, 2422, 2423, 2622, 11442, 17742, 17743, 17745, 17746, 17747, 17748, 17750, 17751, 17752]
[3862, 3527, 5043, 7010, 7012, 7013, 7017, 7018, 7021, 7023, 7025, 7031, 7037]
[4869, 6706, 6713, 7452, 10459, 10460, 11764, 3386, 3182, 9170, 13553, 14566, 14567, 14569, 14570, 14571, 14572, 14574, 14575, 14576, 14577, 14579]
[4545, 5241, 8748, 8749, 8750, 8751, 8753, 8754, 8755, 14044, 14045, 14046, 14047, 14049, 14050, 14051]
[12833, 12836, 13072, 13073, 13075, 13076, 13077, 13078]
[4229, 4891, 6445, 12386, 5922, 13854, 13856, 13858, 13859, 13861, 13862, 13863, 13864, 7760, 9934, 17634, 17635, 17636]
[99, 511, 599, 711, 985, 1079, 1122, 1795, 1804, 1811, 1881, 986, 2638, 1103, 3119, 3302, 4130, 5020, 2029, 7348]
[8408, 12183, 12184, 12186, 12187, 12188, 12189]
[1701, 8347, 10983, 10984, 10986, 11517, 11518, 18370]
[11642, 12890, 18027, 18028, 18029, 18030, 18032, 18033, 18034, 18035, 18037, 18039, 18040, 18042, 18043, 18044, 18045, 18047, 18048, 18049, 18050, 18052, 18053, 18054, 18055, 18057, 18058, 18059]
[6373, 6378, 6380, 6381, 6383, 6385, 6386, 6388, 8765]
[7874, 8600, 5058, 9680, 9682, 9685, 9686, 9687, 9689, 9690, 9691, 9695, 9696, 9697]
[5367, 5391, 14990, 14998, 15007, 15008, 15010, 15013, 15014, 15015, 15018, 15023, 15027, 15028, 15032]
[4826, 4797, 5631, 5633, 5634, 5635, 5639, 5640, 5641, 5643, 5644, 5646, 5648, 10955]
[1256, 1278, 4056, 5670, 1327, 3188, 9499, 11187, 11189, 11190, 11191, 11192, 11194, 11195, 11196, 11197, 11199]
[2979, 2980, 6456, 7289, 10016, 10020, 17477]
[231, 236, 416, 433, 440, 445, 604, 622, 629, 1159, 1633, 618, 1957, 1958, 2139, 2279, 2405, 1954, 2532, 2541, 1949, 3250, 3411, 5414, 5925, 6217, 8676]
[7427, 7119, 13999, 14000, 14001, 14003, 14005, 14006, 14008, 14009, 14010]
[5205, 7379, 2828, 14931]
[183, 1381, 1385, 3266, 3273, 90, 4996, 4998, 4999, 900, 18223]
[1800, 8816, 1907, 3270, 11455, 15664, 15666, 15667, 15669, 15670, 15671, 15672, 15674, 15675, 15676, 15677, 15679, 15680, 15681, 15682, 15684, 15686]
[4553, 6299, 8025, 8026, 8029, 8030, 8031, 8032, 8034, 8035, 8036, 8037, 8039, 8040, 8041]
[84, 862, 1062, 1075, 3109, 3186, 4245, 4382, 10685]
[4756, 7832, 12104, 12791, 14629, 18573, 18574]
[47, 1254, 1259, 1260, 28, 2749, 2763, 2772, 3798, 12, 4272, 6258, 2765, 13679]
[5411, 5415, 12334, 1135, 3534, 6407, 12359, 12360, 12362, 12363, 12364, 12367, 12368, 12369, 12370, 12372, 12373, 12375]
[4965, 8341, 11372, 13865, 13866, 13867, 13868, 13870, 13871, 13872, 13873, 13875, 13876, 13877, 13878]
[8633, 13664]
[159, 215, 441, 429, 612, 715, 851, 203, 1094, 1102, 1510, 1384, 2531, 2606, 3279, 3469, 4129, 5785, 7325, 7404]
[10129, 10130, 10135, 10140, 10148, 10151, 10159]
[9054, 9056, 9061]
[6699, 10131, 10136, 10138, 10139, 10141, 10143, 10144, 10145, 10149, 10150, 10153, 10154, 10158]
[3914, 7130, 11166, 11167, 11168, 11169, 11172, 11173, 11174, 11176]
[16351, 16353, 16525, 17685, 17687, 17688, 17689]
[872, 3455, 5658, 8492, 9242, 8065, 10403, 11754, 13347, 13819, 14501, 18444, 10785, 15606, 18631, 18632, 18633, 18634, 18636, 18637, 18638, 18639]
[14987, 14988, 14989, 14992, 14993, 14994, 14995, 14997, 14999, 15000, 15002, 15003, 15004, 15005, 15009, 15012, 15017, 15019, 15020, 15022, 15024, 15025, 15029, 15030]
[10988, 13446, 2393, 8768, 11082, 13764, 13766, 5049, 17605, 17606, 17607, 17608, 17610, 17611, 17612]
[8267, 4077, 10722, 11463, 14136, 14137, 14138, 14139, 14141, 14142, 14143, 14144, 14146, 14147, 14148]
[967, 1105, 2425, 3754, 2612, 4223, 5426, 5437, 6228, 6602, 6298, 4762, 7723, 7897, 11550, 11590, 6594, 13581, 12794, 14621, 14622, 6452, 16759, 8735, 16889, 16890]
[692, 1462, 1692, 1693, 1697, 1698, 1699, 1021, 5266, 7447, 7448, 7449, 7704, 4879, 18582, 18583, 18584]
[2087, 2090, 2097, 2105, 2107, 2108, 2109, 2110, 2113, 2114, 2115, 2117, 2119, 2120, 2804]
[5440, 6197, 11793, 14512, 14513, 11256, 18551, 18552, 18553]
[7641, 7645, 7646, 7647, 7652, 7654]
[162, 632, 977, 755, 1418, 1960, 2582, 2775, 3685, 3686, 6048, 6182, 7665]
[3483, 3554, 8392]
[515, 19, 34, 1295, 1298, 1299, 1300, 1303, 36, 1297, 2, 9, 3191, 1203, 18, 41, 3551, 522, 4312, 4317, 24, 37, 44, 1292, 1302, 1312, 1332, 4871, 4872, 4873, 4874, 4876, 4877, 13, 1277, 5114, 3183, 11, 5581, 5709, 39, 17, 32, 49, 6873, 7082, 6847, 7516]
[744, 753, 2161, 2174, 2669, 2670, 2674, 2675, 2683, 2685, 2688, 2689, 2690, 2694, 7468, 10518, 11126, 11201, 11202, 11203, 11206, 11207, 11208, 11209, 11211, 15307, 15308, 15309, 15311, 15312, 15313, 15314, 15316, 15317, 15318]
[709, 1509, 1520, 2142, 859, 1977, 2821, 3400, 3475, 2123, 8840, 10411, 13842, 13843, 15476]
[5999, 7948, 7949, 7950, 7952, 7953, 7957, 7959, 7960, 7962, 7963, 7964, 7965, 7967, 7968, 7969, 7970, 7972, 7973, 7974, 7975, 7977, 7978, 7979, 7980, 7982, 7983, 7984, 7985, 7987, 7988, 7989, 7990, 7992, 7993]
[2059, 4711, 7626, 8152, 8845, 8846, 8849, 8851, 8855, 8856, 8858, 8859, 8860, 8861]
[1482, 1483, 1487, 1488, 1490, 1493, 1495, 1496, 1498, 1501, 1506]
[1253, 2165, 2678, 2684, 2686]
[768, 1100, 1192, 1196, 1541, 2203, 2204, 2210, 2214, 1853, 2618, 2829, 2847, 4099, 4101, 4166, 4550, 1868, 4774, 1181, 5963, 5969, 5961, 8464, 16411]
[501, 1193, 1194, 1199, 1674, 1866, 2661, 6453, 11795, 13222, 14122]
[3903, 13516, 4114, 13939, 13946, 4311, 6680, 17622, 17623, 17624]
[512, 1116, 1118, 1236, 1410, 1929, 1401, 7260, 15216, 15217]
[2619, 7777, 10039, 5308, 10963, 10964, 10965, 2841, 12477, 14733, 14734, 14736, 15446, 15447]
[9399, 9401, 9402, 9403, 9406, 13721, 13722, 13723]
[2547, 2550, 1590, 1932, 10808, 10811, 13740, 13742, 15166, 15167, 15168, 15536, 16724, 13780, 18517]
[1497, 6875, 6878, 7511, 7512, 7513, 7515, 7517, 7518, 7520, 7521, 7522]
[13176, 14343, 18282, 18283, 18285, 18286, 18287, 18288, 18290, 18291, 18292, 18293, 18295, 18296, 18297, 18298, 18300, 18301, 18302]
[1783, 6169, 11652, 13956, 16124, 16125, 16126, 16128, 16129, 16130, 16131, 16133]
[789, 796, 799, 1395, 7243, 9134, 11084, 10691, 7814, 13353, 13354, 13355, 13356, 5278]
[5119, 5891, 6288, 8159, 5184, 15923, 16498, 16694, 16695, 16697, 16698, 16699]
[812, 824, 943, 2151, 2654, 370, 3415, 820, 4615, 4692, 4694, 4695, 4949, 6289, 2966, 4971, 10956, 8420, 12380, 12381, 12382, 48, 14092, 14093, 14094]
[888, 893, 897, 902, 5789, 4710, 10918, 11240, 12227, 4252, 9976, 13216, 13218, 13219, 13220, 13221, 13447, 13448, 13449, 9947, 13997, 14476, 14477]
[5962, 5964, 5967, 6009, 6010, 6011, 6012, 6015, 6017, 6019, 6020, 6021, 6022, 6024, 6025, 6026, 6027, 6029]
[6046, 5565, 10547, 10548]
[4265, 4290, 3, 7917, 7918, 7925, 6658]
[4880, 4981, 6640, 6696, 6698, 6700, 6701, 6702, 6705, 6707, 6710, 6711, 6712, 6715, 6716, 6717, 6718, 6720]
[1864, 2960, 4760]
[2070, 5624, 10968]
[3485, 3487, 9576, 10931, 12182, 2116, 17481, 17482, 17483, 17484, 17486, 17487, 17488]
[88, 227, 436, 533, 1976, 2478, 3736, 3744, 5847, 7405, 7187]
[2177, 2178, 2181, 4685, 4689, 4766, 4768, 4771, 4878, 4881, 4882, 4885, 4886, 6689, 6691, 6694, 6695, 9257, 9258, 8360, 10319]
[3254, 7185, 15889, 7406, 12297, 17613, 17614, 17616, 17617, 17618]
[6185, 6763, 7466, 10523, 16057, 16367, 6404, 16740, 16742, 16743, 16744, 16745, 16747, 16749, 16750, 16752, 16753, 16754, 16755, 16757]
[4795, 4796, 4798, 4799, 4801, 4804, 4805, 4806, 4808]
[7396, 4480, 12038, 12554, 12555, 12557, 12558, 12559, 12560, 18615]
[1033, 3753, 6122, 7183, 10321, 10323, 10324, 10712, 10713, 10715]
[394, 399, 395, 3494, 5077, 5078, 5081, 5083, 5084, 5086, 5091, 5092, 5096, 5080, 5561, 5562, 5564, 5567, 5569, 5571, 5573, 5576]
[519, 834, 1870, 2062, 3240, 3241, 3243, 3246, 8254, 3051, 8348, 8349, 8352, 8353, 12780]
[1748, 8642, 10407, 11900]
[747, 782, 1226, 5358, 5803, 9355, 9358, 9359, 9360]
[5312, 9361, 9862, 11801, 9206, 13033, 15247, 3225, 13087, 15880, 15881, 15882, 15883, 15885, 15886, 15887, 15888, 15890, 15891, 1720, 5052, 16417, 16418, 16420, 16421]
[1211, 1215, 1224, 1234, 1235, 13450, 13453, 13455, 13456]
[3059, 3061, 3064, 3066, 3067, 3069, 3072, 15742, 15743, 15745, 15746, 15747]
[179, 3873, 4738, 4739, 4740, 4743, 4744, 4748, 4749, 4751, 4753, 4754, 4755, 4758, 4759, 4761, 4763, 4764]
[6207, 6208, 6211, 6212, 6216, 6218, 6219, 10535, 13007, 11819, 17466, 17467, 17468, 18087, 18616, 18618, 18619, 18620, 18621]
[3040, 8475, 8480, 10449, 11606, 11613, 11623, 12487, 12980, 16788, 16789, 16790, 16792, 16793, 16794, 16795, 16797, 16798, 16799, 16800, 16802]
[2448, 7408, 2450, 8310, 8315, 8316, 8317, 10184, 13756, 13758, 13759, 13760, 13761, 13763]
[3690, 6221, 8701, 9631, 9727, 3706, 12993, 13170, 6296, 11494, 15645, 15646, 15647, 15648, 15650, 15651, 15652, 15653, 15656, 15657, 15658, 15660, 15661, 15662]
[4536, 3657, 9590, 9592, 9593, 9595, 9597, 9600, 9601, 9602, 9603, 9605, 9606, 9607, 9608, 9610, 9611, 9612, 9613, 9615, 9616, 9617, 9618, 9620, 9621, 9622, 9623, 9625, 9626, 9627, 9628]
[7391, 7392, 7399, 7400, 7401, 7402, 7500, 9893, 9894, 9895, 11731, 9081, 16669, 16670, 16672, 16673, 16674]
[2507, 6558, 10228, 17715, 8400, 15277, 17754, 17755, 17756, 17757, 17759, 17760, 17761, 17762, 17764, 17765, 17766, 17767, 17769, 17770, 17771, 17772, 17774, 17775, 17776]
[167, 3106, 3110, 3371, 3731, 5836, 9160, 9161, 9162, 9853, 6539, 14897, 16050, 17007]
[2316, 9041, 9042, 9044, 9046, 9047, 9049, 9050, 9051, 9052, 9055, 9057, 9059, 9060, 9062, 9065, 9066, 9067, 9069, 9070, 9071, 9072, 9074, 9075, 9076, 9077]
[209, 499, 537, 540, 1091, 1041, 1186, 2434, 2983, 3769, 4255, 4828, 6008, 6121, 6196, 6247, 6794, 6796]
[4039, 4046, 4048, 4052, 4054, 4057, 6045, 6047, 6050, 6051, 6053, 6055]
[10959, 10960, 10962, 11471, 11472, 3682, 13839, 13841, 14722, 17740, 17741]
[1420, 4451, 6730, 9630, 12201, 8231, 10724, 10740, 12580, 12581, 12582]
[3612, 3614, 3615, 3622, 12787, 14267, 14268, 14269, 12911, 16665, 16675, 16676, 16677, 17916, 17917, 18078, 18079, 18459, 17934, 18303, 18698]
[14846, 15075, 15076, 15078, 15079, 15080, 15081, 15083, 15084, 15085, 15086, 15088, 15089, 15090, 15091, 15093]
[6214, 6454, 8711, 9470, 3681, 12194, 13710, 13711, 13712, 13713]
[6251, 7947, 4368, 10597, 15974, 15975, 15976, 15977, 15979, 15980, 15981, 15982]
[3158, 7682, 7683, 7684, 7686, 7687, 7688, 7689, 7691, 7692, 7693, 7694, 7696, 7697, 7698, 7699, 7701]
[8843, 11646, 11676]
[641, 2067, 2068, 6429, 8284, 8285, 8287, 8288, 8289, 8290]
[2805, 9546, 9548, 9549, 16568, 18306, 18307, 18308, 18309, 18311, 18312, 18313]
[3202, 3902, 4028, 14845, 18091]
[1000, 1007, 1010, 1022, 1024, 1030, 6497, 6498, 6499, 6501, 6502, 6503, 6504, 6507, 6508, 6509, 6511, 6512, 6513, 6514, 6516, 6517, 6518, 6519]
[566, 4062, 4597, 13879, 11485, 14620, 750, 17699, 17700, 17701, 17702, 17704, 17705, 17706, 17707, 17709, 17710, 17711]
[73, 1219, 3107, 15688, 15689, 15690, 15691, 15693, 15694, 15695]
[1677, 2382, 2388, 2389, 4171, 4172, 4176, 9761, 9762, 9764, 9767, 15319, 15320]
[6930, 10738, 13393, 5893, 16361, 17637, 17638, 17640, 17641, 17642]
[6042, 11826, 15057, 15059, 15060, 15062, 15063, 15064, 15065, 15067]
[801, 4068, 11724, 11726, 11727, 11730, 12129, 13415, 14712, 15803, 15804, 15806, 15807, 15808, 15809, 15811, 15812]
[4059, 5889, 5892, 5894, 5929, 7072, 7075, 14847]
[3282, 3884, 3890, 7878, 8672, 3290, 5932, 11893, 11894, 11895, 11896, 11898, 11899, 11901, 11903, 11904, 11905, 11906, 5413, 15128, 17373, 17374, 17375, 17376]
[1331]
[1514, 6203, 8830, 8670, 4622, 8715, 8826, 8828, 8829, 8831, 9547, 12288, 13031, 13034, 13035, 13036]
[10804, 6997, 14108, 4197, 8948, 11850, 16260, 16261, 16263, 16264, 16265, 16266, 16268, 16269, 16270, 16271, 16273]
[8, 368, 372, 373, 382, 387, 391, 392, 398, 401, 402, 411, 414, 5082]
[754, 4429, 4430, 4431, 4433, 4438, 4502, 10583, 11823, 11828, 11829, 11830, 11831, 13535, 13536, 13537, 13538]
[5698]
[2361, 6349, 6350, 6351, 6353, 6354, 6355, 6356, 6358, 6359, 6360, 6361, 6364, 6365, 6366, 6368, 6369, 6370, 6371]
[713, 720, 736, 738, 1513, 1814, 2364, 3360, 4155, 10793, 14657]
[3045, 3048, 3049, 3052, 3053, 3054, 3055, 3267, 3986, 3990, 3996, 5017, 5019, 5021, 5024, 5025, 6245, 11794, 13275, 13277, 13278, 13280]
[478, 1573, 1576, 4688, 7994, 7995, 7997, 7998, 7999, 8000, 8002, 8003, 8004, 8005, 8007, 8008, 8009]
[4298, 4299, 5923, 7390, 11722, 9777, 13154, 8015, 11147, 15947, 15948, 15949, 15951, 15952, 15953, 15954, 15956, 15957, 15958, 15959, 15961, 15962, 15963, 15964]
[901, 1485, 1486, 5754, 7660, 8674, 10682, 14788, 16061, 18026]
[1995, 1996, 1999, 2002, 2005, 2007, 2010, 2011, 2012, 2015, 2017]
[383, 856, 1119, 1131, 1206, 1248, 854, 1812, 1974, 2369, 3444, 3791, 4359, 5216, 8511, 9204, 9205]
[1093, 2823, 8042, 11838, 1153, 13379, 13380, 13381, 13383, 13384, 13385, 13386, 13409, 13410, 13411, 16210]
[731, 1285, 4587, 4600, 5218, 5219, 5220, 5222, 5223, 5224, 5225, 12006, 15250, 15251, 15252, 15254, 15255, 15256, 15257, 15259]
[11919, 7742, 11737, 16366, 16368, 16369, 16371, 16372, 16373, 16374, 16376, 16377]
[5928, 7190, 13845, 15232, 15233, 15234, 15235, 9953, 17839, 17840, 17841, 17843, 17844, 17845]
[52, 57, 174, 777, 1121, 1491, 1790, 2711, 3992, 11897, 18392, 18393, 18394]
[9750, 9752, 9753]
[991, 7283, 8592, 14445, 15366, 15368, 15369, 15370, 15371, 15373, 15374, 15375]
[317, 1051, 1450, 1457, 308, 2990, 3180, 3181, 3498, 1595, 4552, 4812, 2939, 5528, 5534, 5535, 7340, 5055]
[1127, 3047, 480, 4297, 7362, 7363, 7364, 7366, 7367, 7368, 7369, 7371, 7372, 7373]
[8054, 3618, 12989, 18593, 18594, 18595]
[15760]
[1801, 2695, 2831, 5028, 10519, 10522, 7685, 18187, 18188, 18189, 18190, 18192, 18193, 18194, 18195, 18197, 18198, 18199, 18200, 18202, 18203, 18204]
[494, 779, 816, 1182, 1184, 1185, 1188, 1195, 1197, 2386, 2430, 2150, 2723, 2850, 492, 3428, 3621, 4104, 507, 4995, 5065, 5202, 1191, 9181, 9182, 4839]
[1479, 1031, 5261, 5263, 5265]
[1718, 1719, 1721, 1722, 1724, 1727, 1728, 1733, 1734, 1741, 1742, 1744, 1746, 1749, 1751, 1753, 1754]
[1997, 1993, 4320, 4322, 4323, 4324, 4325, 4327, 4328, 4329, 4330, 4332, 4334, 4335, 4337, 4338, 4339, 4340]
[10623, 10624, 10625, 10628, 10629, 10630, 10631, 10633, 10634, 10635, 10636, 10638]
[10901, 10903, 10905, 13147, 18511, 18512, 18514, 18515, 18516]
[822, 827, 828, 833, 836, 838, 844, 847, 848, 2955, 3720, 10525, 10642, 10643, 10645, 10646, 10647, 10648, 10650]
[661, 1942, 5537]
[5228, 5750, 5751, 5752, 5755, 5756, 5757, 5760, 5761, 5762, 5764, 9250, 9661, 9662, 9663, 9664]
[1025, 1729, 3501, 6777, 3878, 11725, 13265, 18460, 18461, 18462]
[5911, 6179, 8234, 10385, 11592, 8680, 13672, 6421, 10892, 11052, 12717, 14933, 14934, 14935, 14936, 14938, 14939, 14940, 14941, 14943]
[5491, 5492, 5494, 5495, 5496, 5497, 5499, 5500, 5501, 5502, 5504, 5505, 5506, 5507, 5509, 5510, 5511, 5512, 5514, 5515, 5516, 5517, 5519, 5520, 5521, 5522, 5524]
[11048, 11050, 11051, 11053, 11783, 12005, 12019, 12020, 12022, 12023, 12024, 12025]
[831, 839, 842, 845, 2168, 1561, 3725, 3726, 3728, 5061]
[8802, 9990, 4131, 18434, 18435, 18437, 18438, 18439]
[94, 155, 157, 180, 251, 258, 265, 340, 463, 467, 889, 1820, 1026, 3674, 2783, 4349, 4352, 5615, 4868, 5973, 16313, 16314, 16316, 17993]
[62, 1884, 2469, 2609, 3935, 3936, 3939, 12667, 12669, 12670, 17008, 17009]
[5326, 9720, 10912, 1238, 9397, 17334, 17339, 17340, 17350, 17353, 17354, 17361, 17363, 17364, 17368]
[2633, 2641, 613, 4073, 7144, 7145, 7149, 7150, 7151, 7154, 7156, 7266, 8837, 9824, 9825, 11124, 11667, 13267, 13268, 9709, 17563, 17564, 17565, 17566, 17568, 17569, 17570]
[239, 241, 279, 312, 322, 482, 1507, 1596, 1935, 2220, 262, 3314, 4566, 6226, 8602, 8603, 8605, 10608, 11841, 14747, 14749, 17899]
[194, 6227, 9132, 9133, 9135, 4116, 15261, 15443, 18280, 18281]
[13357, 13358, 13359, 13361, 13362, 13363, 13364]
[2585, 7377]
[10192, 10193, 10194, 10196, 10197, 10198, 10199, 10202, 10203, 10204, 10206, 10207]
[5432, 8649, 12481, 6301, 17995, 17996, 17997, 17998, 18000, 18001, 18002]
[379, 1919, 2512, 5087, 5093, 9089, 9103, 10226, 10227, 10229, 10231, 10232, 10233, 10234, 10236, 10237, 10238, 10239, 10241, 10242, 10243, 10244, 10246, 10247]
[853, 4827, 4457, 6560, 7120, 13244, 8934, 12145, 16435, 16872, 16873, 16874, 16876, 16877, 16878, 16879, 16881, 16882, 16883, 16884, 16886, 16887, 16888, 17239, 17240, 17242, 17243, 17244, 17245, 17247, 17248, 17249, 17250, 17252, 17253, 17254, 17255, 17257, 17258, 17259, 17260, 17262, 17263, 17264, 17265, 17267, 17268, 17269]
[489, 505, 514, 811, 2380, 3245, 3563, 2846, 7639, 8350, 12773, 12774, 14692]
[284, 2237, 9350, 9388, 12134, 13902, 16074, 16075, 16076, 16077, 16079, 16080, 16081, 16082, 16084, 16085, 16086, 16087, 16089]
[1433, 11085, 13292, 13579, 16723, 16869, 16870, 16871]
[2558, 1808, 3471, 3473, 3479, 5003, 5156, 5160, 9334]
[7059, 8803, 8983, 9190, 8658, 13281, 1178, 16333, 2301, 17644, 17645, 17646, 17647, 17649, 17650, 17651, 18395, 18397, 18398, 18399, 18400, 18402, 18403, 18404, 18405, 18407, 18408, 18409, 18410, 18412, 18413, 18414]
[887, 1403, 1408, 4022, 4029, 3300, 1396, 4728]
[3799, 3802, 3803, 3804, 3807, 3808, 3812, 3813, 3814, 3815, 3818, 3819, 3820, 3822, 3823, 3824, 3825]
[8356, 1910, 10731, 10735, 15831, 15832, 15833, 15835, 15836]
[78, 1015, 2035, 2183, 3966, 4974, 4977, 4978, 4979, 4982, 6722, 8283, 8989, 8990, 8992, 8997, 351, 5264, 17330, 17331, 17332]
[18092, 18093, 18095, 18096, 18097]
[2601, 6223, 7178, 7179, 7180, 7181, 7184, 7186, 7189, 10327, 15192, 15193, 15194, 15195, 17304, 17305, 17306, 17307]
[5452, 9423, 7352]
[3625, 5042, 7038, 9928, 9929, 9930, 9931, 9933]
[297, 321, 458, 681, 797, 912, 793, 1447, 1458, 1453, 1684, 1059, 2984, 2977, 699, 4576, 5032, 4474, 3404, 5977, 6527, 1430, 8364, 12039]
[2982, 14152, 14386, 14387, 14389, 14390, 4292, 8365, 14644]
[3470, 4124, 3774, 5697, 5365, 5895, 5897, 5898, 5899, 5900, 7050, 7792]
[9261, 9262, 16586, 16588, 16589, 16590]
[2782, 2784, 2790, 2859, 3474, 4165, 5841, 8743, 3477, 9817, 9820]
[7044, 8247, 9222, 15814, 7115, 18465, 18466, 18467, 18469, 18470, 18471]
[2280, 8546, 12995, 12997, 12998, 12999, 13000, 13002, 13003, 13004, 13005]
[126, 621, 444, 1717, 1731, 1736, 1747, 1752, 454, 4230, 5927, 6183, 6188, 6190, 8027, 6756, 1735, 10312, 10314, 10315, 17988, 17989, 17990]
[471, 682, 691, 989, 1040, 1537, 1680, 2427, 1201, 2653, 3078, 5950, 1036, 6600, 6605, 8243, 10318, 3369, 18369]
[240, 1544, 3318, 6562, 4696, 8604, 11069, 4617, 8072, 11067, 12394, 12395, 12396, 12397, 12535, 15473, 15474, 15475]
[4549, 7728, 13767, 13768, 13769, 13770, 13772, 13773, 13774, 13775, 13777]
[1124, 2753, 2774, 8323, 8324, 8344, 8525, 8529, 8533, 8326, 10894, 13978, 18725, 18727, 18728, 18729, 18730]
[2152, 11019, 12333, 12335, 12339, 12340, 12342, 12343, 12344, 12345]
[3729, 5600, 9805, 11859]
[914, 974, 4487, 4492, 7658, 10060, 11245, 11246, 11248, 11249, 11250, 11251]
[12230, 12231, 12233, 12236, 12238, 12239, 12240, 12246, 12248, 12249, 12254, 12259, 12265]
[5693, 8053, 8055, 8056, 8057, 8058, 8060, 8061, 8062, 8063]
[1139, 2264, 2266, 2267, 2270, 2272, 2274, 2275, 2282, 2284, 2286, 2287, 2291, 2296, 2297]
[2048, 4976, 5088, 5617, 5985, 6708, 10017]
[243, 244, 254, 255, 264, 274, 275, 280, 281]
[2085, 400, 2802, 3662, 4578, 4579, 4581, 5625, 5626, 5627, 5629, 2081, 9198, 9200, 410, 3326, 18441]
[725, 1805, 3478, 5455, 5614, 5616, 5619, 5620, 5621, 5622, 7410, 1813, 8793, 9349, 9351, 4031, 14584, 14586]
[10331, 10332, 10335, 10337, 10338, 10340, 10341, 10342, 10343, 10345, 10346, 10347, 10348, 10350, 10351, 10352, 10353, 10355, 10356, 10357, 10360, 10361, 10362, 10365, 10366, 10367, 10368, 10370, 10371, 10372, 10373, 10375, 10376, 10377]
[201, 2704, 5076, 6263, 6265, 6267, 6268, 6269, 6270, 6272, 6273, 6274, 6275, 6277, 6278, 6279, 6280, 6283, 6284, 6285]
[6128, 7354, 9233, 9888, 12168, 13744, 14802, 14803, 14804, 14805, 14807]
[10542, 10544, 10545, 10546, 18118, 18119, 18120]
[3459]
[4108, 4232, 3703, 6151, 6159, 6762, 6189, 7060, 7152, 10517, 12868, 17221, 17955, 17956, 17957]
[13162, 13163, 13165, 13166, 13168, 13171, 13172, 13173, 13175, 13177, 13178]
[11803, 13515, 15428, 15430, 15431, 15432, 15433, 15435, 15436, 15437, 15438, 15440, 15441, 15442]
[2807, 7898, 5978, 10809, 12275, 14242, 14243, 14244]
[1978, 3237, 4569, 4570, 3683, 10289, 13025, 15996, 18458, 13959, 15997, 16000]
[1092, 3892, 5235, 5237, 5240, 5242, 5243, 5244, 5245, 5247, 5248, 5252, 5444, 3905, 7530, 4222, 8262, 8263, 8266, 8268, 8269, 8271, 8272, 8273, 8276, 8279, 10716, 10718, 13523, 13967, 13969, 13970]
[261, 270, 696, 1771, 3466, 4618, 2460]
[3795, 6677, 6309, 9899, 10073, 10075, 11889, 16386, 16387]
[5793, 5794, 5795, 5796, 5798, 5800, 5801, 5804, 5806, 5808, 11122, 11825, 3414, 12761, 12763, 12764, 12765, 12766, 12768, 12769, 12770, 12771]
[503, 806, 846, 835, 2143, 2379, 2381, 2744, 2968, 2974, 3239, 785, 3717, 4178, 3637, 2961, 3719, 5603, 5666, 5673, 5105, 8258, 10953, 10954, 10958, 12283]
[849, 2185, 2186, 2188, 2189, 2190, 2191, 2194, 2195, 2198, 2199, 2201, 2205, 2208, 2213, 2215, 2216, 4003]
[4379, 8282, 8804, 8806, 8807, 8809, 8811, 8813, 8814, 8817, 8818, 8819, 8821, 8822, 8824]
[3751, 3752, 3755, 6200, 9978, 9982, 9983, 9984, 9985, 9987, 5338, 14317, 15822, 16064, 16065, 16067, 16068]
[2354, 2355, 2356, 2357, 2359, 2365, 2367, 2371, 2376, 2377]
[1743, 2965, 4610, 4693, 9715, 3663, 10675, 11510, 11512, 11513, 11514, 11515, 15302, 15304, 15305, 15306]
[891, 1782, 2051, 2176, 3748, 4918, 2175, 7861]
[408, 2843, 2940, 3084, 3094, 3946, 4179, 4428, 4741, 6249, 9870, 9871, 10069, 11018, 17728, 17729, 17730]
[2771, 5880, 11611, 11625, 11712, 15876, 3826, 8458, 11612, 16438, 16440, 16441]
[7069, 9320, 9321, 9323, 9325, 9326, 9328, 9329, 9330, 9331]
[4067, 5903, 5904, 5906, 5907, 5908, 5909, 5912, 5916, 5917, 5918, 5919, 5921]
[8136, 16251]
[384, 4984, 4989, 4992, 4993, 12400, 12401]
[3406, 3408, 3410, 3423, 8722, 9407, 9408, 9409, 9411, 9412, 9413, 9414, 9416]
[924, 931, 936, 946, 1339, 1350, 2009, 2975, 4342, 4326, 925, 1355]
[6396, 6789, 7128, 7131, 7132, 7135, 7138, 7141]
[627, 1836, 1073, 3885, 3887, 3889, 3894, 3895, 7009, 8142, 8145, 8146, 8147]
[442, 2625, 2628, 3619, 13417, 5548, 7675, 13905, 13906, 13908, 13909, 13911, 14842, 14843, 14844]
[4609, 15135, 15136, 15137, 15138, 15140, 15141, 15142, 15143]
[8121, 9591, 9596, 9598]
[922, 956, 1343, 1527, 2004, 2838, 3476, 5157, 5668, 5688, 5689, 4680, 5585, 17173, 17174, 17175, 17177, 17178, 17179]
[396, 406, 1, 1161, 4554, 17833, 17834]
[11571, 12612, 13556, 13559, 13560, 13561]
[107, 616, 756, 772, 778, 1222, 1835, 1945, 1965, 1745, 2146, 1969, 2668, 2671, 2673, 2676, 2691, 2811, 3995, 4852, 4865, 6582, 2672, 3520, 7493, 8510, 2677, 7470, 7079, 11128]
[727, 2044, 2054, 2079, 2441, 2075, 6721, 3307, 8848, 11473, 12961, 10022, 11579, 14516, 14517, 14518, 14520, 14521]
[2471, 7389, 3456, 10589, 10591, 10592, 10593, 10594]
[212, 554, 562, 630, 163, 718, 728, 733, 735, 868, 959, 1150, 1242, 1412, 1422, 1426, 1639, 1806, 2265, 2855, 3308, 3938, 4369, 4620, 5212, 5416, 6540, 6678, 7140, 7881, 9827, 13554, 8815]
[4397, 4402, 4403, 4408, 4409, 4413, 4414, 4416, 4418]
[53, 56, 58, 64, 81, 539, 1098, 1394, 1700, 1781, 961, 1824, 1983, 1990, 3277, 3617, 4316, 4731, 9520, 4113, 15752]
[1250, 1258, 1265, 1266, 1268, 1271, 1273, 1279, 1280, 1283, 1284, 1286, 1289, 1290, 1291]
[5577, 5578, 5579, 5582, 5586, 4946, 11160, 11161, 11162, 11163, 11165]
[1709, 2289, 2510, 2536, 2830, 3294, 3299, 5420, 6764, 1888, 12002, 13167, 11181, 12051, 13665, 13666, 13667, 13668, 13670, 13671]
[1436, 1446, 2394, 2395, 2462, 7838, 10717, 13669, 14929, 15331, 15332, 15333, 15334, 15336, 15337, 15338, 15339, 15341, 15342, 15343]
[3947, 3951]
[500, 808, 830, 2206, 2366, 810, 1650, 4347, 5310, 6130, 6461, 4170, 8381, 8382, 11119, 11120, 9941, 11580, 12943, 14202, 16895]
[12516, 12518, 12519, 12520, 12521, 12523, 12524, 12525, 12526, 12528, 12529, 12530, 12531]
[1597, 4294, 6865, 7397, 9849, 1054, 11010, 13720, 13546, 16919, 16921, 16922, 16923, 16924, 16926, 16927, 16928, 16929, 16931, 16932, 16933]
[2153, 5060, 7954, 7955, 7958]
[4405, 15134, 16170, 16171, 16172, 16173, 16175, 16176, 16177, 16178, 16180]
[1723, 6293, 11547, 11548, 11549, 11552, 11554, 11555]
[586, 1232, 588, 2991, 2992, 2993, 2995, 2996, 2997, 2998, 3000, 3001, 3002, 3003, 3005, 3006, 3007, 3008, 3010, 3012, 3013, 3015, 3016, 3017, 3018, 3020, 3021, 3022, 3023]
[2269, 3785, 4450, 5936, 3688, 4091, 6416, 9117, 9118, 9119, 9120, 9123, 9124, 9125, 9127, 9128, 9129, 9130, 12605, 13289, 14210, 14211, 14212, 14213, 14215, 14216, 14217, 11487, 14096, 16529, 16531, 16532, 16533]
[3875, 4723, 573, 8199, 8200, 8203, 8204, 8205, 8206, 8208, 8209, 8210, 8211, 8213, 8214, 8216, 8218, 8219, 8220, 8221, 8223, 8224, 8225, 8226]
[4348, 8998, 11337, 11338, 11339, 11340, 11342, 11343, 11344, 11345, 11347, 11348, 11349, 11350]
[15765, 15767, 15768]
[575, 576, 987, 1427, 2065, 3301, 3305, 3306, 3309]
[570, 585, 3439, 3877, 2902, 5382, 6458, 14071, 14072, 14074, 14075, 14076, 14077, 14079, 14080, 14081, 14082, 14084, 14085, 14086, 14087, 14089, 14090, 14091]
[2852, 5786, 5788, 6645, 6646, 7702, 7703, 12309, 12310, 15925, 15926]
[5993, 5995, 5996, 5997, 5998, 6001, 6003, 6005]
[1084, 11333, 13182, 13183, 13184, 13187, 13189, 13190, 13200, 13203, 13209]
[3899, 4423, 5473, 5476, 5477, 5479, 5481, 6926, 9264, 11397, 11398, 11399, 12832, 12835]
[1550]
[1642, 1644, 1646, 1647, 1649, 1651, 1653, 1656, 1657, 1658, 1661, 1666, 1667, 1668, 1669, 7334]
[4224, 8478, 9807, 9812, 13233, 13234, 13236, 13237, 13238, 13239, 13241, 13242, 13243, 13246, 13247, 13248, 13249, 13251, 13252, 13253, 13254, 13256, 13257, 13258, 13259, 13261, 13262, 13263]
[4208, 9485, 15179, 15180, 15181, 15182]
[10428, 14303, 4094, 4095, 6362, 15384, 15385, 15387, 15388, 15389, 15390, 15392, 15393, 15394]
[2360, 2013, 3624, 7420, 7421, 7422, 14304, 14305, 15455]
[1362, 11475, 11483, 7895, 10820, 13491, 16626, 16628, 16629, 16630, 16631, 16633, 16634, 16635, 16636, 16638, 16639, 16640, 16641, 16643, 16644, 16645]
[826, 2579, 2586, 3028, 3548, 3997, 1551, 6014, 1566, 8293, 8295, 8296, 8299, 8300, 8301, 9649]
[2908, 2910, 2911, 2914, 2918, 2920, 2923, 2925, 2926, 2928, 2929, 9900, 9906, 9909, 9910, 9911, 9914]
[4809, 6195, 10743, 10744, 10745, 10747, 10748, 10749, 10750, 10752, 10754, 10755, 10757, 10758, 10760, 10762, 10763, 10764, 10765, 10767]
[703, 3945, 4247, 4384, 6920, 8215, 10729, 13540, 8836, 13632, 12298, 16416, 9951, 18335]
[3543, 9511, 12776, 3628, 7767, 14889, 14891, 14892, 14893, 14894, 14896]
[787, 795, 1431, 1437, 1439, 1442, 2596, 2440, 4260, 4703, 11219, 11220, 11221, 11224]
[2330, 2339, 6945, 6947, 6949, 6950, 6951, 6952, 6954, 6955, 6956, 6960, 8239, 6948, 15537, 12085, 16022, 16024, 16025, 16026, 16027, 16029, 16030]
[1341, 1346, 1354, 1361, 1363, 1367, 1368, 1371, 1373, 4333, 4341, 10125, 14306, 14308, 14309]
[2525, 8737, 8738, 8739, 8740, 8742, 8744, 8745]
[707, 198, 1351, 517, 1406, 2738, 2595, 2835, 3088, 5306, 6750, 7906, 2836, 2373, 10771, 11837, 11839, 16140]
[3136, 3137, 3138, 3139, 3141, 3142, 3143, 3144, 3148, 3151, 3152, 3153, 3154, 3157, 3159, 3161, 3162, 3166, 3167, 3168, 3169]
[683, 366, 1377, 3097, 3756, 4709, 4716, 4818, 5934, 4432, 15538]
[1142, 1162, 2812, 2814, 2819, 2822, 2825, 2826, 2827, 2832, 13179, 3517, 11352, 17091, 17092]
[2577, 2583, 2588, 2589, 2592]
[14739, 14744, 14752, 14773, 14774]
[2702, 2816, 4890, 8618, 8586, 11743, 13827, 17192, 17193, 17195, 17197, 17198, 17199, 17200, 17202, 17203, 17204]
[371, 1133, 1809, 1852, 1855, 1859, 1867, 4177, 3928, 7711, 6123, 3247, 11824, 8725, 12028, 12029, 12032, 12033, 12034, 12035, 12698, 14699, 14700, 14701, 14703, 14704, 14705, 14706, 14708]
[80, 1397, 1399, 1405, 1738, 4025, 7649, 5045]
[452, 3467, 11484, 15423, 15425, 15426, 15427, 12021, 16840, 16842, 16843, 16844]
[1020, 1029, 8144, 8784, 4036, 10703, 16725, 16726, 16727, 16729, 16730, 16731, 16732, 16734, 16735, 16736, 16737, 16739]
[214, 2317, 6946, 7219, 14645, 14648, 14650, 14651, 14653]
[4143, 6056, 4105, 6392, 6394, 6395, 6399, 6401, 6402, 7258, 7263, 7414, 3646, 15770, 15771]
[4608, 10585, 1340, 8741, 12284, 12285, 12286, 12287]
[617, 619, 1620, 2135, 2716, 3227]
[156, 878, 880, 1028, 30, 1060, 1061, 1065, 1067, 1069, 1070, 1072, 1074, 1077, 1080, 1082, 1085, 1087, 1713, 75, 1791, 1886, 3289, 3988, 4296, 4308, 153, 1707, 8149, 6648, 9968, 9972, 9973, 9975, 11331, 11332, 11334, 16935, 16936, 16937]
[1128, 1132, 920, 3773, 5366, 593, 10584, 10586, 10588, 6077, 12928, 12929, 12931]
[4983, 4987, 10076, 13351, 15665, 15685, 9734]
[921, 926, 927, 929, 933, 938, 939, 941, 948, 958, 2844, 2849, 5158, 17811, 17812, 17813, 17814, 17816, 17817, 17818]
[2032, 2038, 2069, 5609, 4136, 8646, 10865, 16427]
[4687, 6563, 9754, 9755, 9757, 9758, 9759, 9760]
[412, 1378, 2840, 3398, 3333, 3735, 4262, 1046, 6127, 6225, 8304, 6772]
[230, 357, 377, 378, 472, 405, 513, 966, 2352, 3367, 3368, 3372, 3427, 4439, 2941, 6532, 2526, 14192, 14193, 16803, 4849, 18554, 18555]
[852, 1017, 874, 1890, 1897, 2938, 1878, 3281, 3941, 4495, 5260, 6780, 7341, 7342, 7343, 7345, 7346, 8388, 3451, 9338, 11848, 9469, 15361, 17478]
[7469, 7473, 7474, 7477, 7478, 7479, 7481, 7483, 7484, 7486, 7489, 7496, 7498]
[1970, 3696, 3697, 3699, 3701, 3068, 608, 12000, 14297, 14298, 14299, 14301, 14302, 13659, 14937, 16054, 16055, 16056, 16059, 16060]
[1586, 2613, 5731, 5734, 15933, 15934, 15935, 15936, 15938, 15939, 15940, 15943, 15944, 15945, 15946]
[16111, 16112, 16113, 16114, 16116, 16117, 16118, 16119, 16121]
[2574, 1858, 3817, 4427, 770, 5966, 8303, 8305, 8306, 8331, 17630, 17631, 17632]
[14550, 14551, 14552, 14554, 14555, 14556, 14557, 14559]
[10837, 12564, 12565, 12566, 12567, 12569, 12570, 12571, 12572]
[1839, 2927, 6885, 6886, 6888, 6889, 6890, 6891, 6893, 6894, 6895, 6896, 6898, 6899, 6904, 6905]
[9513, 10620, 15983, 15984, 15985, 15987, 15988, 15989, 15990]
[2780, 6455, 7321, 4941, 9229, 6235, 10668, 11499, 11500, 15847, 15848, 15994, 15995, 16585, 17532, 17533]
[8833, 8834, 8835, 8838, 8839]
[5152]
[451, 233, 1095, 1099, 1789, 2626, 3462, 12289, 12290, 12292, 12293, 12294, 12295, 15750, 15751]
[4154, 4156, 4159, 4160, 4286, 7100]
[3771, 12169, 12170, 12172, 12173, 12174, 12175, 12177, 12178, 12179, 12180]
[6521, 6523, 6525, 6526, 16720, 16721, 16722]
[101, 2147, 2148, 2157, 2158, 2159, 2162, 2163, 2166, 2167, 2171]
[11007, 11008, 11009, 11012, 11013, 11014, 11015, 11017, 14600, 14601, 14602, 14603, 14605, 14606, 14607, 14608, 14610]
[5127, 5128, 5129, 5131, 5132, 5133, 5134, 5136, 5138, 5139, 5141, 5142, 5143, 5144, 5146]
[1207, 3131, 3134, 3146, 3147, 3149, 3163]
[14154, 14156, 14157, 14158, 14159, 14161, 14162, 14163, 14164, 14166, 14167, 14168, 14169, 14171, 14172, 14173, 14174, 14176, 14177, 14178, 14179, 14181, 14182, 14183]
[706, 951, 1249, 1815, 724, 2345, 2346, 2348, 2350, 2351, 2353, 1803, 2785, 2789, 2797, 3083, 4917, 6291, 6292, 10509, 10851, 17925]
[1896, 4366, 1837, 3295, 14523, 15130, 15159, 15160, 15161, 14378, 15637, 15638, 15639, 15642, 15643, 15748, 15749]
[631, 2026, 2470, 2474, 2476, 2479, 2483, 2484, 2485, 2489, 2491, 2494, 2495, 2496, 3508]
[6529, 10900, 12553, 13739, 15893, 15894, 15895, 15896, 15898, 15899, 15900, 15901, 15904]
[1417, 3782, 3784, 3786, 3787, 3789]
[4452, 5026, 5029, 5031, 11460, 17534, 17535, 17537, 17538, 17539]
[10209, 11647, 11648, 11649, 11657, 11659, 11662, 11663, 11673, 11674, 11678, 11681, 11682]
[4023, 4030, 4033, 4034, 4040, 4042, 4043]
[12549, 12550, 12551, 15510, 15511, 15512, 15529]
[3750, 5783, 13387, 13389, 13390, 13391, 13392, 11971, 13686, 13687, 13688, 13689, 13691, 13693, 13694, 13696, 13697, 13698, 13699, 13701, 13702, 13703]
[1856, 1862, 1869, 1871, 1876, 1877, 5937, 5938, 5939, 5941, 5942, 5943, 5944, 5946, 12788, 15564, 15565]
[1770, 3216, 6163, 6168, 3528, 11784, 13910, 10936, 13947, 13948, 13949, 13951, 13952, 13953, 13954, 13957, 13958]
[354, 791, 3497, 5468, 5774, 6308, 12545, 5763, 16559, 16560, 16562, 16563, 16564, 16805, 16806, 16808, 16809, 16810]
[5662, 6250, 8313, 9084, 2045, 7862, 9363, 9364, 9366, 9367, 9368, 9369, 694, 4557, 12208, 12209, 12210, 12211, 12213, 12214, 12215, 12216]
[549, 550, 551, 552, 555, 556, 557, 559, 561, 564, 571, 574, 579, 584, 587, 589, 590, 594, 595, 596, 597, 8812]
[4931, 5526, 6493, 7113, 7941, 8248, 8249, 8250, 8252, 8253, 8255, 8257, 8259, 8260, 12784, 12785, 12786, 16379, 16380]
[9228, 4465, 15224, 15225, 15226, 15227, 15327, 15328, 15329]
[3915, 5745, 7160, 2050, 11820, 14625, 14627]
[3943, 3734, 10496]
[7076, 12221, 12222, 12223, 12224]
[1980, 1981, 1984, 5845, 1908, 10897, 10899, 11833, 11834, 11835]
[12600, 12601, 12602, 12604, 12606, 12607]
[1975, 1989, 5488, 1982, 5041, 1987, 3640, 10050, 15381, 15382, 15383]
[6202, 5048, 6915, 9633, 10080, 11230, 11231, 11232, 11233, 11235, 6215, 6743, 9629, 11908, 11909, 11911, 11912, 11913, 11914, 13634, 13635, 13636, 10761, 16208]
[6377, 2253, 3838, 6629, 8173, 8176, 8177, 8178, 8179, 8181, 8182, 8183, 8184, 8186, 8187, 8188, 8189]
[5653, 5655, 5656, 5661, 5663, 5665, 13291, 15215, 16096, 18575, 18576, 18577, 18579, 18580, 18581]
[3775, 7886, 7887, 7889, 7891, 7892, 7893, 7894, 7896]
[700, 2545, 3172, 3174, 3327, 3377, 3393, 4258, 4559, 5974, 10967, 11718, 11940, 11941, 11942, 13063, 14218, 14219, 14220, 15219, 15220, 15221]
[8865, 8867, 8869, 6414]
[1037, 1451, 1452, 1454, 2543, 3179, 3323, 3325, 3397, 3794, 2091, 4561, 4767, 4814, 5460, 5463, 5466, 6693, 7864, 10641, 10684, 14070, 5684, 11252, 15196]
[2810]
[1421, 1756, 1758, 8594, 8756, 9700]
[221, 443, 448, 962, 1097, 1106, 1151, 3676, 4069, 7077, 13513, 15263, 15420]
[5459, 7191, 10978, 11581, 14121, 14628, 16422, 16423, 16425, 16426, 16428, 16430, 16431]
[6659, 3536, 6962, 6971, 6988]
[54, 66, 70, 238, 1787, 2500, 3413, 5072, 5545, 5503, 10524, 16355]
[788, 2390, 2391, 2396, 2397, 4697, 4698, 4699, 4702, 8372, 1440, 7846, 12577, 14543, 14544, 14545, 14546, 14548, 18556, 18557]
[1972, 2404, 3678, 6320, 6322, 6323, 6325, 6326, 6327, 6328, 6330, 6331, 6332, 6333, 6335, 6337, 6338, 6340, 6341, 6342]
[5151, 5461, 5768, 8645, 8647, 8648, 13731, 13732, 13733]
[7353, 7355, 6303, 15170, 15171, 15172, 15173, 16892, 16893, 16894]
[2795, 4794, 4807, 5014, 10441, 10442, 10443, 10445, 10446, 10447, 10448, 10450, 10451, 10452]
[15290, 6994, 8394, 8396, 12801, 12816, 17653, 17655, 17657, 17658, 17659, 17662, 17663, 17664, 17665, 17667, 17668, 17670, 17672, 17673, 17675, 17678, 17679, 17680, 17682, 17684]
[3268, 3269, 3271, 3274, 9421, 17234, 17236, 17237, 17238]
[1953, 3695, 3702, 5652, 6757, 11204, 12618, 12747, 12748, 12749, 12752, 12753, 12754, 12756, 12757, 12758, 12759, 12979, 13654, 17295, 17296, 17297, 17298, 17300, 17301, 17302, 17303]
[1018, 1064, 2570, 3832, 6524, 6734, 6735, 6737, 6739, 6740, 6741, 6744, 6745, 6746, 6923, 6924, 6925, 6927, 6928, 6929, 6932, 6933, 6934, 6935, 6937, 6938, 6939, 6940, 6942, 6943, 6944, 6064]
[477, 1388, 2646, 2858, 3948, 4705, 8067, 8495, 8496, 8497, 12084, 12086, 12087, 12088, 12089, 12984, 12985, 12986]
[218, 2375, 2475, 2624, 3011, 3430, 3472, 6830]
[3311, 7394, 11719, 13266, 11024, 16142, 16143, 16144, 16145, 16147, 16148, 16149, 16150, 16152]
[9305, 9306, 9308, 9310, 9311, 9312, 9313, 9315, 9316, 9317, 9318]
[89, 289, 292, 294, 295, 302, 305, 306, 311, 320, 288, 349, 352, 456, 328, 541, 701, 293, 523, 2025, 3080, 4707, 4765, 5464, 5529, 7781, 7868, 12017, 12037]
[4898, 6440, 780, 6838, 6839, 6840, 6841, 6843, 6844, 6845, 6846, 6848, 6849, 6850]
[1654, 4830, 4835, 4838, 4842, 4843, 4847, 4851, 7329, 7330, 7332, 7333, 7335, 7337, 7338, 7339]
[9679, 3039, 6819, 10871, 10872, 10874, 10877, 10878, 10881, 10882, 10884, 10886]
[220, 226, 234, 614, 860, 964, 965, 982, 1643, 1778, 1817, 1873, 1985, 5469, 6724, 7650, 8655, 10662, 10664]
[3573, 4686, 7506, 9735, 9736, 9737, 9738, 9740, 9741, 9742, 9743, 9746, 9747, 9748]
[1785, 1792, 1794, 3046]
[428, 1515, 1517, 1664, 2131, 2815, 3026, 3461, 5027, 4115, 5439, 7725, 8710, 9230, 6726, 4802, 14271, 16915, 18612, 18613, 18614, 18655]
[12544, 6604, 11728, 14259, 14261, 14262, 14263]
[719, 7540, 14926, 17625, 17627, 17628, 17629]
[866, 1205, 1217, 1227, 1703, 2481, 2490, 3433, 3434, 3435, 3437, 3438, 3450, 3452, 5262]
[910, 963, 973, 988, 990, 1686, 1705, 2446, 3876, 4351, 4988, 4990, 8853, 8854, 8962, 729, 15698, 15699, 15700, 15701, 15703, 15704, 15705, 15706, 15708, 15709, 15710]
[2972, 3425, 380, 5115, 4670, 6282, 940, 7708, 7709, 7710]
[1706, 2193, 4905, 10491, 2699]
[5871, 5876]
[1694, 1696, 356, 2436, 2437, 2438, 2442, 2447, 2449, 2452, 2453, 2454, 2456, 2457, 2461, 2464, 2467, 2468, 3583, 3588, 1489, 2455, 4543, 2445, 6367, 7041, 15460, 15461, 15462]
[1190, 1200, 1585, 1670, 1671, 1675, 1676, 1678, 2435, 2623, 2959, 3082, 6448, 11032, 11225, 11226, 12781, 12782]
[367, 369, 374, 381, 388, 393, 409, 413, 375, 1904, 2089, 2092, 2094, 2098, 2102, 1906, 1918, 2106, 2799, 2803, 2806, 2808, 3324, 3490, 4516, 4517, 4558, 4923, 5568, 5574, 14591, 14592, 14593, 14595]
[7250, 7424, 7426, 7428, 7429, 7432, 7433, 7434, 7436, 7437, 7438, 7439, 7928, 7930, 7931, 7933, 7934, 7936, 7938, 7939]
[246, 438, 1648, 439, 1761, 1763, 1768, 2660, 3205, 4819, 5430, 5431, 5435, 5438, 3747, 15485, 15486, 15487, 16777]
[191, 300, 307, 342, 362, 679, 1432, 1687, 2801, 3081, 3871, 3489, 5002, 5099, 2607, 5746, 10677]
[16283, 16284, 16289, 16290, 16295, 16298, 16303, 16305, 16308, 16309, 16310]
[3027, 3029, 8294, 8925, 9794, 9795, 9796, 9798, 9799, 9800, 9801, 9803, 9806, 9808, 9809, 9810, 9811, 9813, 9814, 9815, 9816, 13264]
[2037, 10621, 14665, 14666, 14667, 14669, 14670, 14671, 14672, 14675, 14676, 14677, 14679, 14680, 14681, 14682, 14684]
[4267, 4270, 4274, 4276, 4277, 4279, 4281, 4282, 4284, 4287, 4289]
[2698, 4583, 4584, 4588, 4589, 4590, 4592, 4593, 4594, 4595, 4598, 4599, 4602]
[15463, 15465, 15466, 15467]
[1571, 1572, 1575, 1577, 1578, 1581, 1582, 1583, 1587]
[899, 1519, 1772, 2632, 5790, 6297, 8504, 12026]
[5442, 5445, 5449, 8577, 9831, 10328]
[502, 3123, 4242, 5530, 7863, 7865, 7866, 11574, 11575, 11576, 11577, 5232, 13460, 15535]
[1875, 5474, 10639, 10836, 15566, 15567, 15568, 15571, 15572, 15573, 15574, 15576, 15577, 15578]
[296, 792, 1503, 906, 1601, 3796, 3557, 5533, 6857, 7462, 8171, 9202, 1574, 17010]
[430, 546, 689, 1492, 1767, 2125, 2130, 3255, 3293, 1511, 5147, 5472, 6231, 7657, 9977, 8878, 13232, 12311, 18015]
[1739, 5805, 8870, 3208, 17313, 17379, 17380, 17382, 17383, 17384, 17385, 17387, 17388, 17389, 17390, 17392, 17393, 17394, 17395]
[1066, 38, 1293, 1294, 1296, 1301, 1304, 1313, 1315, 1320, 1321, 1326, 1328, 1329, 1334, 1335, 1336, 5715]
[7318, 11254, 11255, 12273, 12960, 12962, 13645, 11955, 14239, 14240, 14241]
[7835, 6793, 11273, 11274, 11275, 11470, 12790, 12792, 12793, 11061, 14587, 14588, 14590]
[3503, 17275, 17276, 17278, 17279, 17280, 17281]
[5679, 6387, 16569, 16570, 16572, 16573, 16574, 16575, 16577, 16578, 16579, 16580, 16582, 16583, 16584]
[9138, 9139, 9140, 9145, 9148, 9149, 9150, 9151]
[407, 2506, 3189, 3192, 3194, 3195, 5079, 7464, 7677, 7679, 14149, 14150, 14151]
[1925, 2942, 2943, 2947, 2948, 2949, 2950, 2953, 2957, 2958]
[1524, 1530, 4791, 4803, 3540, 7357, 7924, 10769, 10770, 10772, 10773, 10774, 10775, 10777]
[278, 1641, 1979, 2222, 2226, 2227, 2236, 2241, 2247, 2251, 2919, 2924, 3667, 4344, 5605, 6618, 6620, 6621, 6622, 6623, 6625, 6626, 6627, 6628, 6630, 6631, 6633, 6635, 6636, 6619, 8164, 5039, 5051, 11379, 11380, 11382, 11383, 11384, 11385, 11387, 11388, 11389, 11390]
[3387, 13741, 12963, 14573, 15144, 15146, 15147, 15148, 15149, 15151, 15152, 15153, 15154]
[5120, 5121, 5122, 5124, 8650, 8651, 8652, 8653]
[5725, 5726, 15421, 15422]
[7211, 7233, 7237]
[360, 459, 455, 970, 972, 1459, 1445, 5767, 4257, 7193, 7195]
[508, 1786, 1796, 2735, 2743, 2747, 1788, 3827, 3830, 4241, 26, 31, 5111, 5113, 5116, 5118, 3833]
[4434, 4822, 4823, 4831, 4837, 4840, 5630, 6120, 5313, 6792, 4834, 7328]
[1740, 7281, 9433, 13065, 14052, 3613, 15038, 15527, 16217, 17490, 17491, 17493, 17494, 17495, 17496, 17498, 17499, 17500]
[2602, 4725, 6054, 16062, 16063, 18320, 18321, 18323, 18324, 18325]
[5425, 5427, 7252, 8810, 9184, 9185, 9186, 9188, 9189, 9191, 9194, 9195, 9196]
[7442, 2487, 13558, 1832, 17792, 17793, 17795, 17796, 17797, 17798, 17800, 17801, 17802, 17803, 17805, 17806, 17807]
[685, 688, 1461, 1659, 1691, 313, 2981, 3187, 3378, 4514, 4708, 5749, 9155, 9157, 2657, 1685, 15355, 15356, 15357, 11572, 15696]
[743, 746, 762, 764, 766, 771, 773, 774, 776, 781, 783, 784]
[9837, 12229, 12234, 12235, 12241, 12245, 12250, 12251, 12253, 12256, 12260, 12263, 12264, 12266, 12269, 12271]
[591, 1244, 1414, 1416, 1469, 734, 2458, 2786, 3065, 3071, 3675, 4075, 4076, 9826, 10040, 10078, 12725, 9346]
[77, 343, 601, 1076, 1892, 2031, 85, 905, 2933, 4494, 95, 13161, 17652]
[4888, 5716, 8607, 8608, 8609, 8610, 8612, 8613, 8614, 8615, 8617, 8620, 8622, 8623, 8624, 8627, 8628, 8629, 8630, 8632, 8634, 8635, 8637, 8638, 8639, 8640]
[2415, 3364, 6146, 4092, 7374, 10214, 10848]
[2551, 2553, 2555, 2560, 2563, 2564, 2566, 2568, 2569]
[9371, 9517, 9518, 9519, 13944, 13945]
[3673, 11684, 11686, 13145, 13704, 13706, 13707, 13708]
[235, 600, 609, 626, 863, 2136, 1504, 2542, 2629, 6824, 6137, 6728, 6417, 10969, 11593, 13463, 14723]
[5699, 5700, 5702, 5703, 5704, 5705, 5707, 5708, 5710, 5712, 5713, 5714, 5717, 5719, 5720, 5722]
[4127, 4128, 4132, 9471, 9472, 9473, 9475]
[984, 1780, 5650, 7644, 11915, 13223, 13224, 13225, 13226, 13228, 13229, 13230, 13231]
[13305, 13306, 13307, 13308, 13310, 13311, 13312, 13313, 13315, 13316, 13317, 13320, 13321, 13322, 13323, 13325, 13326, 13327, 13328, 13330, 13331, 13332, 13333, 13335, 13336, 13337, 13338]
[65, 166, 171, 182, 190, 173, 204, 229, 453, 228, 1375, 1518, 2610, 3200, 4616, 4712, 5180, 5926, 7888, 16040, 16625]
[3863, 6914, 8201, 7565, 12866, 12867, 12869, 12871, 12872, 12873, 12874, 12876, 12877, 12878, 12879, 12881, 12882, 12883, 12884, 12886, 12887, 12888, 12889]
[7239, 7224, 5388, 16274, 16275, 16279, 16288, 16304, 16307]
[376, 397, 1923, 2100, 2103, 2428, 390, 8398]
[6125, 6131, 6135, 6553, 6555, 6557, 6559, 8731, 8733, 8734]
[12135, 17333, 17335, 17336, 17338, 17341, 17343, 17344, 17345, 17346, 17348, 17349, 17351, 17355, 17356, 17358, 17359, 17360, 17365, 17366, 17369, 17370, 17371]
[6583, 8587, 9860]
[197, 205, 211, 219, 1732, 1947, 1944, 2424, 434, 2640, 3666, 4058, 4079, 4532, 5549, 6687, 6836, 6229, 7147, 9545, 10024, 12723]
[5727, 5040, 9927, 3221, 4669, 14907, 14910, 14911, 14912, 14913, 14915, 14916, 14917, 14918, 14920]
[6209, 16786, 17093, 17572, 17573, 17574, 17575, 17577, 17578, 17579, 17580, 17582, 17583, 17584, 17585, 17587, 17588, 17589]
[2288, 10394, 3145, 7527, 10111, 10392, 13089, 13091, 13092, 13093]
[324, 464, 333, 524, 542, 680, 704, 1047, 1679, 2184, 3074, 4291, 5001, 5747, 9249, 5984, 11154, 11156, 11158, 13838, 16009]
[637, 6866, 9652, 9653, 9654, 9656, 9657, 9658, 9659, 10640, 8021, 18548, 18549, 18550]
[417, 421, 422, 1652, 1755, 1766, 3391, 4459, 4793, 5441, 1011, 1764, 6147, 8707, 8712, 8713, 10418, 10617, 14562, 17854, 17855, 17856]
[5369, 5370, 5371, 5372, 5374, 5375, 5376, 5377, 5379, 5380, 5381, 5384, 5385, 5386, 5387, 5389, 5394, 5395, 5396, 5397, 5399, 5400, 5401, 5402, 5404, 5405, 5406, 5407, 5409]
[4134, 4139, 4140, 4142, 4144, 4145, 4147, 4148, 4149, 4150, 4152, 9886, 9887, 9889, 9890, 9891]
[5730, 6199, 4824, 5130, 14853, 14863, 15495, 15497, 15498, 15499, 15500, 15502, 15503, 15504, 15505, 15507, 15508, 15509]
[2408, 2581, 4153, 5914, 6204, 6213, 8706, 9874, 9875, 9878, 9879, 9880, 13454, 13779, 18371, 18372, 18373, 18375, 18376, 18377]
[2952, 8431, 13981, 13982, 13983, 13984, 13986, 13987, 13989, 13991, 13992, 13993]
[3338, 4577, 5951, 5952, 5954, 5955, 5956, 5957, 5959, 7269, 4464, 5268, 9372, 9373, 9374, 9376, 9377, 9378, 9379, 9381, 7705, 14054, 14055, 14056]
[4625, 4626, 4631, 4633, 4636, 4638, 4642, 4645, 4646, 4651, 4652, 4653, 4656, 4657, 4658, 4661, 4662, 4663, 4665, 4666]
[1096, 1187, 6766, 6768, 6769, 6770, 6771, 6774, 6775, 13430, 13431, 13432, 13433, 14471, 14472, 9943, 16414, 16415]
[1552, 1568, 2187, 4933, 4934, 4935, 4938, 4939, 4940, 4942, 4943, 4945]
[3581, 5390, 5392, 3611, 8309, 10543, 14478, 14479, 14481, 14482, 14483, 14484, 14486, 14487, 14488, 14489, 14491, 14492, 14493, 14494, 14496, 14497, 14498, 14499, 14502, 14503, 14504, 14506, 14507]
[4701, 9902, 18122, 18123, 18124, 18125, 18127, 18128, 18129, 18130, 18132, 18133, 18134]
[6883]
[6566, 4713, 7766, 8071, 8074, 8076, 8093]
[216, 1164, 1167, 2540, 3259, 4064, 981, 8678, 14435, 15991, 15992, 15993]
[3758, 5217, 6248, 6253, 6255, 13637, 13638]
[2630, 1158, 13070]
[2300, 2307, 2314, 8230, 8427, 8454, 9045, 9064, 13988, 14646, 9048, 15562, 17979, 17980, 17981, 17984, 17985, 17986]
