51
52
54
55
57
58
60
61
63
64
66
67
69
70
72
73
75
76
78
79
81
82
84
85
87
88
90
91
93
94
96
97
99
100
102
103
105
106
108
109
111
112
114
115
117
118
120
121
123
124
126
127
129
130
132
133
135
136
138
139
141
142
144
145
147
148
150
65
77
152
153
155
156
158
159
161
162
164
165
167
168
170
171
173
174
176
177
179
180
182
183
185
186
188
189
191
192
53
154
190
195
196
198
199
201
202
204
205
207
208
210
211
213
214
216
217
219
220
222
223
225
226
228
229
231
232
234
235
237
238
239
240
242
243
245
246
248
249
251
252
254
255
257
258
260
261
263
264
266
267
269
270
272
273
275
276
278
279
281
282
284
285
287
89
289
290
292
293
295
296
298
299
301
302
304
305
307
308
310
311
313
314
316
317
319
320
322
323
325
326
328
329
331
332
71
288
300
335
336
338
339
341
342
344
345
347
348
350
351
353
354
356
357
359
360
362
363
365
366
367
368
370
371
373
374
376
377
379
380
382
383
385
386
388
389
391
392
394
395
397
398
400
401
403
404
406
407
409
410
412
413
415
416
417
419
420
422
423
425
426
428
429
431
432
434
435
437
438
440
441
443
444
446
447
449
450
452
453
230
306
327
349
455
457
458
460
461
463
464
466
467
469
470
472
473
475
476
478
479
481
482
484
485
405
486
487
489
490
492
493
495
496
498
499
501
502
504
505
507
508
510
511
513
514
516
517
519
520
522
378
523
525
526
528
529
531
532
534
535
537
538
540
541
543
544
546
547
549
550
552
553
555
556
558
559
561
562
564
565
567
568
570
571
573
574
576
577
579
580
582
583
585
586
588
589
591
592
594
595
597
598
203
215
218
227
233
600
601
603
604
606
607
609
610
612
613
615
616
618
619
621
622
624
625
627
628
630
631
633
346
634
635
637
638
640
641
643
644
646
647
649
650
652
653
655
656
658
659
661
662
664
665
667
668
670
671
673
674
676
677
56
679
680
682
683
685
686
688
689
691
692
694
695
697
698
700
701
703
704
163
533
706
707
709
710
712
713
715
716
718
719
721
722
724
725
727
728
730
731
733
734
736
737
739
512
744
745
747
748
750
751
753
754
756
757
759
760
762
763
765
766
768
769
771
772
774
775
777
778
780
781
783
784
318
465
787
788
790
791
793
794
796
797
799
800
802
803
503
805
806
808
809
811
812
814
815
817
818
820
821
823
824
826
827
829
830
832
833
835
836
838
839
841
842
844
845
847
848
850
7
181
436
852
853
855
856
858
859
861
862
864
865
867
868
870
871
873
874
876
877
879
880
882
883
157
333
690
786
789
886
887
889
890
892
893
895
896
898
899
901
902
904
905
294
352
459
907
908
910
911
913
914
916
6
917
919
920
922
923
925
926
928
929
931
932
934
935
937
938
940
941
943
944
946
947
949
950
952
953
955
956
958
959
172
548
614
726
961
963
964
966
967
969
970
972
973
975
976
978
979
981
982
984
985
987
988
990
991
59
193
992
993
995
996
998
999
1001
1002
1004
1005
1007
1008
1010
1011
1013
1014
1016
1017
1019
1020
1022
1023
1025
1026
1028
1029
1031
209
500
687
951
1032
1033
1035
1036
1038
1039
1041
1042
1044
1045
315
355
1043
1047
1049
1050
1052
1053
1055
1056
1058
1059
515
1061
1062
1064
1065
1067
1068
1070
1071
1073
1074
1076
1077
1079
1080
1082
1083
1085
1086
1088
200
418
599
851
875
1089
1091
1092
1094
1095
1097
1098
1100
1101
1103
1104
1106
1107
968
1109
1111
1112
1114
1115
1117
1118
1120
1121
1123
1124
1126
1127
1129
1130
1132
1133
1135
1136
1138
1139
1141
1142
1144
1145
390
717
1147
1148
1150
1151
1153
1154
1156
1157
1159
1160
1162
1163
1165
1166
1168
1169
1170
1172
1173
1175
1176
1178
45
430
488
497
779
816
1046
1179
1181
1182
1184
1185
1187
1188
1190
1191
1193
1194
1196
1197
1199
1200
1202
1204
1205
1207
1208
1210
1211
1213
1214
1216
1217
1219
1220
1222
1223
1225
1226
1228
1229
1231
1232
1234
1235
1237
1238
421
1239
1241
1242
1244
1245
1247
1248
13
19
843
954
1251
1252
1254
1255
1257
1258
1260
1261
1263
1264
1266
1267
1269
1270
1272
1273
1275
1276
1278
1279
1281
1282
1284
1285
1287
1288
1290
1291
34
38
1066
1292
1294
1295
1297
1298
1300
1301
1303
1304
1306
1307
1309
1310
1312
1313
1315
1316
1318
1319
1321
1322
1324
1325
1327
1328
1330
1331
1333
1334
1336
918
942
957
1337
1339
1340
1342
1343
1345
1346
1348
1349
1351
1352
1354
1355
1357
1358
1360
1361
1363
1364
1366
1367
1369
1370
1372
1373
221
291
1048
1090
1375
1377
1378
1380
1381
1383
1384
1386
1387
1389
1390
1392
1393
1099
1395
1396
1398
1399
1401
1402
1404
1405
1407
1408
1410
15
735
1119
1131
1411
1413
1414
1416
1417
1419
1420
1422
1423
1425
1426
792
1428
1430
1431
1433
1434
1436
1437
1439
1440
1442
1443
1445
1446
1448
1449
330
542
681
1037
1051
1451
1452
1454
1455
1457
456
903
1458
1459
1461
1462
283
340
945
1464
1465
1467
1468
1470
1471
1473
1474
1476
1477
1479
1480
166
312
448
1400
1481
1482
1484
1485
1487
1488
1490
1491
1493
1494
1496
1497
1499
1500
1502
1503
1505
1506
1508
250
424
1376
1394
1509
1510
1512
1513
1515
1516
1518
1519
1249
1274
1344
1356
1412
1521
1523
1524
1526
1527
1529
1530
1532
1533
1535
1536
831
1537
1538
1540
1541
1543
1544
1546
1547
1549
1550
1552
1553
1555
1556
1558
1559
1561
1562
1564
1565
1567
1568
1570
187
483
491
545
1571
1572
1574
1575
1577
1578
1580
1581
1583
1584
1586
1587
906
1589
1591
1592
1594
1595
1597
1598
1600
1601
1603
1604
569
1605
1606
1608
1609
1611
1612
1614
1615
1617
1618
1620
1621
1623
1624
1626
1627
1629
1630
1632
1633
1635
1636
1638
1639
1641
857
1116
1545
1643
1644
1646
1647
1649
1650
1652
1653
1655
1656
1658
1659
1661
1662
1664
1665
1667
1668
471
1034
1246
1671
1672
1674
1675
1677
1678
1680
1681
321
1453
1682
1684
1685
1687
1688
1690
1691
1693
1694
1696
1697
1699
36
1534
1700
1702
1703
1705
1706
1708
1709
1711
1712
1714
1715
113
1717
1718
1720
1721
1723
1724
1726
1727
1729
1730
1732
1733
1735
1736
1738
1739
1741
1742
1744
1745
1747
1748
1750
1751
1753
1754
714
1421
1424
1756
1757
1759
1760
1762
1763
1765
1766
1768
1769
1771
1772
1774
1775
1777
1778
1780
1781
1783
1713
1785
1786
1788
1789
1791
1792
1794
1795
1797
1798
1800
1801
212
554
854
1804
1805
1807
1808
1810
1811
1813
1814
1816
1817
80
271
1427
1613
1818
1819
1821
1822
1824
1825
1827
1828
1830
1831
1833
1834
1836
1837
1839
1840
1842
1843
1845
1846
1848
1849
1851
1180
1195
1852
1854
1855
1857
1858
1860
1861
1863
1864
1866
1867
1869
1870
1872
1873
1875
1876
68
98
994
997
1006
1122
1878
1880
1881
1883
1884
1886
1887
1889
1890
1892
1893
1895
1896
1898
1899
1901
1902
468
527
1379
1934
1936
1937
1939
1940
1942
107
1640
1944
1945
1947
1948
1950
1951
1953
1954
1956
1957
1959
1960
1962
1963
1965
1966
1968
1969
1971
1972
1155
1406
1520
1975
1976
1978
1979
1981
1982
1984
1985
1987
1988
1990
1991
930
1113
1993
1994
1996
1997
1999
2000
2002
2003
2005
2006
2008
2009
2011
2012
2014
2015
2017
265
1820
2018
2020
2021
2023
2024
30
620
2027
2028
2030
2031
2033
2034
2036
2037
2039
2040
2042
2043
518
1189
2044
2046
2047
2049
2050
2052
2053
2055
2056
2058
2059
2061
2062
2064
2065
2067
2068
2070
2071
2073
2074
2076
2077
2079
2080
2081
2083
2084
375
393
1904
1910
1919
1923
2086
2087
2089
2090
2092
2093
2095
2096
2098
2099
2101
2102
2104
2105
2107
2108
2110
2111
2113
2114
2116
2117
2119
2120
590
1517
2121
2122
2124
2125
2127
2128
2130
2131
2133
2134
2136
2137
2139
2140
2142
101
2143
2145
2146
2148
2149
2151
2152
2154
2155
2157
2158
2160
2161
2163
2164
2166
2167
2169
2170
2172
2173
241
1447
1475
2175
2177
2178
2180
2181
2183
2184
825
849
2186
2187
2189
2190
2192
2193
2195
2196
2198
2199
2201
2202
2204
2205
2207
2208
2210
2211
2213
2214
2216
2218
2219
2221
2222
2224
2225
2227
2228
2230
2231
2233
2234
2236
2237
2239
2240
2242
2243
2245
2246
2248
2249
2251
2252
2254
2255
2257
2258
2260
2261
433
445
2263
2264
2266
2267
2269
2270
2272
2273
2275
2276
2278
2279
2281
2282
2284
2285
2287
2288
2290
2291
2293
2294
2296
2297
384
2298
2299
2301
2302
2304
2305
2307
2308
2310
2311
2313
2314
2316
2317
2319
2320
2322
2323
2325
2326
2328
2329
2331
2332
2334
2335
2337
2338
2340
25
732
1338
1803
2342
2343
2345
2346
2348
2349
2351
2352
860
962
1240
1787
2355
2356
2358
2359
2361
2362
2364
2365
2367
2368
2370
2371
2373
2374
2376
2377
804
810
1557
2200
2378
2380
2381
2383
2384
2386
2387
2389
1441
2390
2392
2393
2395
2396
629
863
2280
2398
2400
2401
2403
2404
2406
2407
2409
2410
2412
2413
2415
2416
2418
2419
2421
2422
2424
2425
1183
1673
2426
2427
2429
2430
2432
2433
2435
1415
2437
2438
2440
2441
2443
2444
2446
2447
2449
2450
2452
2453
2455
2456
2458
2459
2461
2462
2464
2465
2467
2468
197
1167
1203
1293
1504
2026
2471
2472
2474
2475
2477
2478
2480
2481
2483
2484
2486
2487
2489
2490
2492
2493
2495
2496
1243
1686
2497
2498
2500
2501
2503
2504
2506
2507
2509
2510
2512
2513
2515
2516
2518
427
1958
2531
2532
2534
2535
2537
2538
2540
2541
2543
2544
2546
2547
2549
2550
2551
2553
2554
2556
2557
2559
2560
2562
2563
2565
2566
2568
2569
2571
632
755
2150
2572
2574
2575
2577
2578
2580
2581
2583
2584
2586
2587
2589
2590
2592
2593
40
324
2595
2596
2598
2599
1072
1075
1397
1983
2582
2600
2602
2603
2605
2606
2608
2609
2611
2612
2614
2615
8
1186
1670
1853
2617
2619
2620
2622
2623
602
986
2625
2626
2628
2629
2631
2632
2634
2635
2637
2638
2640
2641
2643
1388
2339
2644
2646
2647
2649
2650
705
1201
1933
2653
2654
2656
2657
2659
2660
2662
2663
2665
2666
2165
2667
2669
2670
2672
2673
2675
2676
2678
2679
2681
2682
2684
2685
2687
2688
2690
2691
2693
2694
2696
2680
2698
2699
2701
2702
2704
2705
2707
2708
2710
2711
2713
2714
2716
2717
2719
2720
2722
2723
2725
2726
2728
2729
2731
2732
1353
1992
2038
2735
2736
2738
2739
2741
2742
2744
2745
2747
2748
28
1259
2749
2750
2752
2753
2755
2756
2758
2759
2761
2762
2764
2765
2767
2768
2770
2771
2773
2774
2776
2777
2779
253
2350
2363
2372
2780
2781
2783
2784
2786
2787
2789
2790
2792
2793
2795
2796
524
1906
1918
2091
2097
2106
2799
2800
2802
2803
2805
2806
2808
2809
2271
2811
2812
2814
2815
2817
2818
2820
2821
2823
2824
2826
2827
2829
2830
2832
2833
936
965
1350
2834
2836
2837
2839
2840
2842
2843
2845
2846
2848
2849
2851
2176
2347
2853
2854
2856
2857
2859
2860
2862
2863
2865
2866
2868
2869
2871
2872
2874
2875
2877
2878
2880
2881
2883
2884
2886
2887
2889
2890
2892
2893
2895
2896
2898
2899
2901
2902
1622
1941
1952
2179
2226
2903
2905
2906
2908
2909
2911
2912
2914
2915
2917
2918
2920
2921
2923
2924
2926
2927
2929
2930
2932
268
2029
2934
2935
2937
2938
536
834
1859
1914
1925
2940
2942
2943
2945
2946
2948
2949
2951
2952
2954
2955
2957
2958
2960
2961
813
1110
1134
1743
2962
2964
2965
2967
2968
2970
2971
2973
2974
2976
2977
2978
2980
2981
1429
2983
2984
2986
2987
2989
2990
2991
2992
2994
2995
2997
2998
3000
3001
3003
3004
3006
3007
3009
3010
3012
3013
3015
3016
3018
3019
3021
3022
3024
1409
3025
3027
3028
3030
3031
3033
3034
3036
3037
3039
3040
3042
3043
1796
3046
3047
3049
3050
3052
3053
3055
3056
3058
3059
3061
3062
3064
3065
3067
3068
3070
3071
3073
184
2523
3074
3076
3077
3079
3080
2785
2797
3082
3084
3085
3087
3088
3090
3091
3093
3094
3096
3097
2627
3098
3099
3101
3102
3104
3105
3107
3108
3110
3111
3113
3114
3116
3117
3119
3120
3122
915
3124
3125
1450
1463
2094
2548
3128
3129
2244
3131
3132
3134
3135
3137
3138
3140
3141
3143
3144
3146
3147
3149
3150
3152
3153
3155
3156
3158
3159
3161
3162
3164
3165
3167
3168
3170
1009
2521
3172
3174
3175
334
1596
3176
3177
3179
3180
3182
2
3184
3185
3187
3188
3190
3191
3193
3194
3196
3197
2022
3173
3199
3200
3201
3203
3204
3206
2379
3236
3237
3239
3240
3242
3243
3245
3246
1418
1949
1964
3248
3250
3251
3253
3254
3256
3257
3259
3260
3262
3263
3264
3266
3267
3269
3270
3272
3273
3275
2289
2488
3277
3278
3280
3281
3283
3284
3286
3287
3289
3290
3292
3293
3295
3296
3298
3299
262
2442
2630
2861
3302
3303
3305
3306
3308
3309
3311
3312
1444
2220
3313
3315
3316
3318
1602
2852
3081
3171
3320
3321
3323
3325
3326
3327
3328
3330
3331
3333
785
1206
1986
3334
3335
3337
3338
3340
3341
3343
3344
3346
3347
3349
3350
3352
3353
3355
3356
3358
3359
3361
3362
3364
3365
572
2545
3367
3368
3370
3371
3373
3374
2439
3375
3377
2655
2988
3376
3379
3380
3382
3383
3385
3386
3388
3389
3391
3392
3394
3395
2788
3397
3398
3400
3401
3403
3404
2794
3406
3407
3409
3410
3412
3413
3415
3416
3418
3419
3421
3422
3424
41
1917
2100
2344
2956
3425
3427
3428
206
866
1227
2624
3354
3431
3432
3434
3435
3437
3438
3440
3441
3443
3444
3446
3447
3449
3450
3452
3453
3455
3456
2855
3457
3458
3460
3461
3463
3464
3466
3467
3469
2782
3471
3472
3474
3475
3477
3478
3480
3481
909
3483
3484
3486
3487
3489
3490
3492
3493
3495
3496
3498
3499
247
3500
3501
3503
2369
3244
3542
3544
3545
3547
3548
3550
3551
3553
3554
3556
3557
3559
3560
3562
3563
3565
3566
2645
2801
3568
3570
3571
3573
3574
3576
3577
3579
3580
2451
2454
2457
3581
3582
3584
3585
3587
3588
3590
3591
3593
3594
3596
3597
3599
3600
3602
3603
3605
3606
3608
3609
3611
1174
2206
3106
3612
3613
3615
3616
3618
3619
3621
3622
474
530
1989
2277
3665
3666
3668
3669
3671
3672
3674
3675
3677
3678
1943
2542
3685
3686
3688
3689
3691
3692
3694
3695
3697
3698
3700
3701
3703
758
1974
3718
3719
3721
3722
3724
3725
3727
3728
3707
3730
3732
3733
1806
3734
3736
3737
3739
439
3740
3742
3743
3745
3746
2436
3617
3749
3750
3752
3753
3755
3756
3758
3759
1782
3592
3760
3761
3763
3764
3766
3258
3767
3768
3770
3771
506
3773
3775
3776
3778
3779
837
1528
3660
3781
3782
3784
3785
3787
3788
3790
3791
3793
3795
3796
1192
3417
3798
3799
3801
3802
3804
3805
3807
3808
3810
3811
3813
3814
3816
3817
3819
3820
3822
3823
3825
3826
2743
3827
3829
3830
3832
3833
3835
3836
3838
3839
3841
3842
3844
3845
3847
3848
3850
3851
3853
297
885
1432
2813
3854
3855
3857
3858
3860
3861
3863
3864
3866
3867
3869
3870
3872
3873
3875
3876
3878
3879
3881
3882
575
3884
3886
3887
3889
3890
3892
3893
3895
3896
3057
3897
3899
3900
3902
3903
3905
3906
3907
3909
3910
3912
3913
3915
3916
3918
3919
3921
3922
3924
3925
3794
3927
3929
3930
3932
3933
62
1891
3920
3934
3936
3937
3939
3940
3942
494
3943
3945
3946
1081
3762
3947
3949
3950
3952
3953
3955
3956
3958
3959
3961
3962
3964
3965
3967
3968
3970
3971
3973
3974
3976
3977
3979
3980
3982
3983
3985
2469
3837
3986
3988
3989
3991
3992
3994
3995
2579
3998
3999
4001
4002
4004
4005
4007
4008
4010
4011
4013
4014
4016
4017
4019
4020
2706
4022
4024
4025
4027
4028
4030
4031
4033
4034
4036
4037
4039
4040
4042
4043
4045
4046
4048
4049
4051
4052
4054
4055
4057
4058
4059
4061
4062
4064
4065
4067
4068
4070
4071
1977
4073
4075
4076
840
2576
2850
3029
3399
4096
4098
4099
4101
4102
4104
4105
4107
1802
2013
4123
4125
4126
4128
4129
4131
4132
1177
2069
4134
4135
4137
4138
4140
4141
4143
4144
4146
4147
4149
4150
4152
4153
1931
2341
3509
4154
4156
4157
4159
4160
4162
4163
4165
2203
2621
4166
4168
4169
4171
4172
4174
4175
4177
4178
4180
4181
4118
4184
4185
4187
4188
4190
4191
4193
4194
4196
4197
4199
4200
4202
4203
4205
4206
4208
4209
4211
4212
4214
4215
4217
4218
4220
4221
4223
4224
2847
4108
4173
4226
4227
4229
4230
4232
4233
4235
4236
4238
4239
4241
4047
4243
4244
4246
4247
4249
4250
539
2019
4252
4254
4255
4257
4258
4260
4261
4263
4264
12
1522
3476
4266
4267
4269
4270
4272
4273
4275
4276
4278
4279
4281
4282
4284
4285
4287
4288
4290
1740
4292
4293
4296
4297
4299
4300
4302
4303
4305
4306
4308
4309
2129
4310
4312
4313
4315
4316
4318
924
1374
2838
2975
4320
4321
4323
4324
4326
4327
4329
4330
4332
4333
4335
4336
4338
4339
4341
4342
846
2247
3032
3717
4344
4346
4347
578
4349
4350
4352
4354
4355
4357
4358
4360
4361
4363
4364
4366
4367
4369
4370
4372
4373
4375
4376
4378
4379
3300
4381
4382
4384
4385
4387
4388
4390
4391
4393
4394
989
3430
4395
4396
4398
4399
4401
4402
4404
4405
4407
4408
4410
4411
4413
4414
4416
4417
4419
4420
4422
2835
4155
4295
4423
4425
4426
408
3859
4429
4430
4432
4433
4435
4436
4438
4439
451
4074
4440
4442
4443
4445
4446
4448
4449
4451
4452
4454
3075
3575
4487
4488
4490
4491
1027
2633
4494
4495
3549
4021
4496
4497
4499
4500
4502
4503
4505
4506
4508
4509
4511
3332
4512
4513
4516
4517
3145
4079
4518
4520
4521
4523
4524
4526
4527
4529
4530
4532
4533
4535
4536
4538
4539
4541
4542
4544
4545
4547
4548
4549
4551
4552
3324
4555
4556
4558
4559
699
2025
3713
4561
4562
4564
309
4566
4567
4569
4570
4572
4573
1456
2085
3198
3662
4575
4576
4578
4579
4581
4582
605
1610
2919
3227
4583
4585
4586
4588
4589
4591
4592
4594
4595
4597
4598
4600
4601
4603
1368
2969
4604
4605
4607
4608
4610
4611
4613
4614
1511
1980
2051
2526
4616
4618
4619
3693
4621
4622
4624
2375
4625
4626
4628
4629
4631
4632
4634
4635
4637
4638
4640
4641
4643
4644
4646
4647
4649
4650
4652
4653
4655
4656
4658
4659
4661
4662
4664
4665
1576
4242
4685
4686
4688
4689
3405
3901
4675
4690
4692
4693
4695
4696
4698
4699
4701
4702
3288
3502
4704
4706
4707
4291
4709
4710
4712
1874
4179
4738
4739
4741
4742
4744
4745
4747
4748
4750
4751
4753
4754
4756
4757
4759
4760
4762
4763
1021
3209
4565
4765
4767
4768
4770
4771
2959
3213
4262
4772
4774
4775
4777
977
1631
2642
3711
4678
4779
4780
4782
4783
4785
4786
4788
4789
3011
4791
4793
4794
4796
4797
4799
4800
4802
4803
4805
4806
4808
4809
4810
4812
4813
4815
256
4716
4817
4818
1645
4087
4820
4821
4823
4824
4826
4827
4829
4830
4832
4833
4835
4836
4838
4839
4841
4842
4844
4845
4847
4848
4850
4851
1752
2174
2668
2775
4853
4854
4856
4857
4859
4860
4862
4863
4865
708
2082
3396
4819
4866
4868
4869
9
18
32
37
49
1296
1299
1320
1332
1335
4871
4873
4874
4876
4877
1698
4878
4880
4881
4883
4884
4886
1790
3828
4888
4889
4891
4892
4894
4895
4897
4898
4900
4901
4903
4904
4906
4907
4909
4910
2182
4348
4723
4913
4914
4916
4917
4919
4920
4922
4923
4925
4926
4928
4929
4931
4932
1542
2618
4933
4934
4936
4937
4939
4940
4942
4943
4945
4946
4948
21
4691
4950
4951
4953
4954
4956
4957
4959
4960
4962
4963
4965
4966
4968
4969
4971
4972
2035
2558
4975
4976
4978
4979
4981
4982
3966
4984
4985
4987
4988
4990
4991
4993
4947
4994
1385
3255
3676
4996
4998
4999
5000
5002
2746
5003
5005
5006
5008
5009
5011
5012
5014
5015
3462
5018
5019
5021
5022
5024
5025
5026
5028
5029
5031
4563
5032
5034
5035
1868
5060
5062
5063
5065
5066
5068
5069
5071
5072
5074
5075
396
1930
5076
5078
5079
5081
5082
5084
5085
5087
5088
5090
5091
5093
5094
5096
4130
5097
5098
10
17
26
31
1277
1326
4225
4228
5111
5112
5114
5115
5117
5118
5119
5121
5122
5124
1551
5067
5126
5127
5129
5130
5132
5133
5135
5136
5138
5139
5141
5142
5144
5145
5147
5148
5150
5151
5153
5154
5155
5156
5158
5159
5161
5162
5164
5165
5167
5168
5170
881
1125
4784
5171
5173
5174
3109
5176
5178
5179
5181
5182
5184
5185
5187
5188
5190
5191
5193
5194
5196
5197
5199
5200
2594
4458
5202
5203
5205
5206
5208
5209
5211
5212
5214
5215
5217
3205
3540
3780
5219
5220
5222
5223
5225
5226
980
5228
5235
5237
5238
5240
5241
5243
5244
5246
5247
5249
5250
5252
693
5255
5256
5258
5259
5261
5262
5264
5265
5267
5268
5270
5271
5273
5274
5276
5277
5279
5280
5282
5283
5285
5286
5288
5289
5291
5292
5294
5295
5296
5298
5299
5301
5302
1689
5305
5306
5308
5309
5311
5312
5314
5315
5317
5318
5320
5321
5323
5324
286
782
5325
5326
5328
5329
5331
5332
5334
5335
5337
5338
5340
5341
5343
5344
5346
5347
5349
5350
5352
5353
5355
5356
5358
5359
5361
5362
5364
5365
563
5367
5369
5370
5372
5373
5375
5376
5378
5379
5381
5382
5384
5385
5387
5388
5390
5391
5393
5394
5396
5397
5399
5400
5402
5403
5405
5406
5408
5409
5410
5412
5413
5415
5416
5418
5419
5421
5422
5424
1469
2591
4251
5426
5427
5429
5430
5432
5433
5435
5436
5438
5439
2858
4828
5442
5443
5445
5446
5448
5449
5441
5451
5452
5454
5455
5457
1767
3741
669
3572
5459
5461
5462
5464
5465
5467
5468
3792
4115
5172
5469
5471
16
2405
3183
5473
5474
5476
5477
5479
5480
3683
5482
5484
5485
5487
5488
5490
5073
5327
5360
5492
5493
5495
5496
5498
5499
5501
5502
5504
5505
5507
5508
5510
5511
5513
5514
5516
5517
5519
5520
5522
5523
1905
4460
5525
5526
2607
5528
5529
5531
5532
5534
5535
5537
696
5539
5540
5542
5543
5545
5546
5548
5549
5551
5552
5554
5555
5557
5558
369
399
2088
3712
5083
5560
5561
5563
5564
5566
5567
5569
5570
5572
5573
5575
5576
11
807
3774
4161
4319
5577
5578
5580
5581
5583
5584
5586
3378
4470
4471
5587
5588
5590
5591
5593
5594
3729
4504
5596
5598
5599
5601
5602
5604
5605
5607
5608
5610
5611
5613
5242
5614
5616
5617
5619
5620
5622
5623
3583
4189
5625
5626
5628
5629
5630
5631
5633
5634
5636
5637
5639
5640
5642
5643
5645
5646
5648
3285
3748
5649
5651
5652
5654
5655
5657
5658
5660
5661
5663
5664
3546
4356
5100
5666
5667
5669
5670
5672
5673
5232
5674
5675
5677
5678
5680
5681
5683
2757
5668
5689
5690
5692
5693
5695
5696
4912
5698
5700
5701
5703
5704
5706
5707
5709
5710
5712
5713
5715
5716
5718
5719
5721
5722
3393
5723
1057
3319
4568
4814
5724
5725
5727
5728
3738
5731
5732
5734
5735
5737
5738
5740
5741
5743
5744
5745
1040
1054
5747
5748
4492
4708
5751
5752
5754
5755
5757
5758
5760
5761
5763
5764
720
5765
5767
5768
5770
4463
5771
5773
5774
5776
5777
5779
5780
5782
5784
5785
3874
5787
5788
5790
3411
5791
5792
5794
5795
5797
5798
5800
5801
5803
5804
5806
5807
1531
1913
3636
4283
5157
5809
5810
5812
5813
5815
5816
5818
5819
5821
5822
5824
5825
5827
5828
5830
5831
1015
5160
5832
5834
5835
5837
5838
5840
5841
5843
5844
5846
5847
5849
5850
1946
4271
5852
5853
5855
5856
5858
5859
5861
5862
5864
5865
5867
5868
5870
5871
5873
5874
5876
5877
5879
5880
5882
5883
5885
5886
5888
5889
5890
5892
5893
3470
4680
5895
5896
5898
5899
5901
5902
5903
5904
5906
5907
5909
5910
5912
5913
5915
5916
5918
5919
5921
1403
2616
2816
5922
5923
5925
5926
5928
5929
5931
5932
1648
2428
2524
2941
5934
3928
5935
5937
5938
5940
5941
5943
5944
5946
5036
5948
5949
5951
5952
5954
5955
5957
5958
4550
5960
5962
5963
5965
5966
5968
5969
5971
5972
5974
5975
5977
5978
5981
5982
5984
5985
1935
5986
5987
5989
5990
5992
5994
5995
5997
5998
6000
6001
6003
6004
6007
6008
4003
5964
6009
6011
6012
6014
6015
6017
6018
6020
6021
6023
6024
6026
6027
6029
4245
4735
6030
6031
6033
6034
6036
6037
6039
6040
6042
6043
6045
6046
6048
6049
6051
6052
6054
6055
1882
2936
6057
6058
6060
6061
6063
6064
6066
6067
6069
6070
6072
6073
6075
2060
4437
6077
6078
6080
6081
6083
6084
6086
6087
6089
6090
6092
6093
6095
6096
6098
6099
6101
6102
6104
6105
6107
6108
6110
6111
6113
6114
6116
6117
6119
4834
4846
6121
6122
6124
6125
6127
6128
6130
6131
6133
6134
1779
2460
6136
6138
6139
6141
6142
6144
6145
6147
6148
3216
3504
3510
4248
6149
6151
6152
6154
6155
6157
6158
6160
6161
6163
6164
6166
6167
6169
6170
6172
6173
6175
6176
6178
6179
6181
3294
6182
6183
6185
6186
6188
6189
3078
6191
6192
6194
6195
6197
6198
6200
6201
454
1707
3690
5414
6203
6204
6206
6207
6209
6210
6212
6213
6215
6216
6218
6219
6221
2601
6222
6223
6225
6226
6228
6229
3948
4103
4620
6232
6233
6234
6235
6237
6238
6240
6241
6243
6244
6246
175
2661
4136
6247
6248
6250
6251
6253
6254
6261
5460
5503
6264
6265
6267
6268
6270
6271
6273
6274
6276
6277
6279
6280
6282
6283
6285
6286
1710
4670
6287
6288
6290
4351
6291
6308
6310
6311
6313
6314
1619
5481
6320
6321
6323
6324
6326
6327
6329
6330
6332
6333
6335
6336
6338
6339
6341
6342
6344
5149
6345
6348
6349
6351
6352
6354
6355
6357
6358
6360
6361
6363
6364
6366
6367
6369
6370
6372
5048
5789
6373
6375
6376
6378
6379
6381
6382
6384
6385
6387
6388
2944
3667
6056
6390
6391
6393
6394
6396
6397
6399
6400
6402
6403
6427
6428
6430
4237
6431
6432
6434
6435
6437
6438
6440
6441
6443
6444
6446
6447
6449
6450
6453
6454
6456
6457
4089
6459
6460
6462
6463
6465
4466
6467
6468
6470
6471
6473
6474
6476
6477
6479
6480
6482
6483
6485
6486
5105
6489
6490
6492
6493
6495
6496
1793
6497
6499
6500
6502
6503
6505
6506
6508
6509
6511
6512
6514
6515
6517
6518
6520
1253
3186
6522
6523
6525
6526
4731
6528
6527
6529
3127
3735
5772
6532
6533
6535
6536
6538
6539
6541
6542
6544
6545
6547
6548
6550
6551
4822
5304
5310
5939
6554
6555
6557
6558
6560
6561
5988
6562
6563
6565
6566
6568
2016
4787
5833
6569
6571
6572
6574
6575
6577
6578
1826
3673
3993
5192
6409
6580
6582
6583
6585
6586
6588
6589
2539
3716
4543
6590
6592
5322
6552
6594
6595
6597
6598
6600
6601
6603
6604
6606
6607
6609
6610
6612
6613
6615
6616
2241
2916
6618
6619
6621
6622
6624
6625
6627
6628
6630
6631
6633
6634
6636
6637
1761
1764
3310
3747
6638
6639
6641
6642
6644
3708
6645
6647
6159
6648
6650
6651
6653
6654
6656
6657
6659
6660
6662
6663
6665
6666
6668
6669
6671
6672
6674
6675
6677
1105
2402
6298
6679
6680
6682
6683
6685
6686
6688
6690
6691
6693
6694
6640
6697
6698
6700
6701
6703
6704
6706
6707
6709
6710
6712
6713
6715
6716
6718
6719
6721
6722
6723
711
2552
2570
6732
6733
6735
6736
6738
6739
6741
6742
6744
6745
6747
6748
6750
6751
6753
6754
6756
6757
6759
6760
6762
6763
1096
1158
4100
6765
6766
6768
6769
6771
6772
6774
6775
6065
6776
6778
6779
6781
1879
3777
6783
6784
6786
6787
6789
6790
6793
6794
6796
23
4268
6289
6797
6799
6800
6802
6803
6805
6806
6808
6809
6811
6812
6814
6815
6817
6818
6820
6821
611
1970
2470
5434
6823
6824
6826
6827
6829
6830
6832
6833
6835
6836
2810
6838
6839
6841
6842
6844
6845
6847
6848
6850
4311
6851
6853
6854
6856
6857
6859
6860
6862
6863
6865
6866
6868
6869
24
43
6870
6872
6873
6875
6876
6878
6879
6881
6882
6884
2907
2913
2931
6620
6626
6885
6886
6888
6889
6891
6892
6894
6895
6897
6898
6900
6901
6903
6904
6907
6908
6910
6911
3252
6365
6913
6914
6916
6917
6919
6920
6922
1018
4216
6924
6925
6927
6928
6930
6931
6933
6934
6936
6937
6939
6940
6942
6943
2300
2312
6945
6946
6948
6949
6951
6952
6954
6955
6957
6958
6960
6961
22
3528
3531
4887
6676
6963
6964
6966
6967
6969
6970
6972
6973
6975
6976
6978
6979
6981
6982
6984
6985
6987
6988
6990
6991
6993
7007
7008
3506
3527
3541
5043
6980
7010
7012
7013
7015
7016
7018
7019
7021
7022
7024
7025
7027
7028
7030
7031
7033
7034
7036
7037
2966
6258
7043
7045
7046
7048
3420
7049
7050
7052
7053
7055
7056
7058
7059
5749
7061
7062
7064
7065
7067
7068
7070
971
3744
7072
7073
7075
7076
27
3513
6871
11107
12338
12508
12509
18734
18735
18737
18738
18740
18741
18743
18744
39
2473
6257
7079
7080
7082
3384
4469
4474
4514
7084
7085
7087
7088
7090
7091
7093
7094
5585
6284
7096
7098
7099
7101
7102
7104
7105
7107
7108
7110
7111
1382
5004
7113
7114
7116
7117
1146
5216
7120
7121
7123
7124
7126
7127
86
521
2900
5447
7128
7130
7131
7133
7134
7136
7137
7139
7140
7142
7143
7145
7146
7148
7149
7151
7152
7154
7155
46
4927
7157
7158
7160
7161
7163
7164
7166
7167
7169
7170
7172
7173
7175
7176
7178
7179
7181
7182
7184
7185
7187
7188
7190
7191
7192
7194
7195
4722
7197
7198
7200
7201
7203
7204
7206
7207
7209
7210
7212
7213
7215
7216
7218
7219
7221
7222
7224
7225
7227
7228
7230
7231
7233
7234
7236
7237
7239
7240
7242
900
2265
2463
4918
5425
7243
7244
7246
7247
7249
7250
7252
7253
7255
7256
5437
7259
7260
7262
7263
3217
7265
7266
7269
7270
7271
7272
7274
7275
7277
7278
7280
7281
7283
7284
7286
7287
7289
7290
7292
4728
7294
7295
7297
7298
7300
7301
7303
7304
7306
7307
7309
7310
7312
7313
7315
7316
7319
7320
7322
7323
5836
7324
7325
7327
1669
4198
5450
7329
7330
7332
7333
7335
7336
7338
7339
7340
1897
7342
7343
7345
7346
7349
7350
7352
7353
7355
1784
6245
7362
7363
7365
7366
7368
7369
7371
7372
2585
4092
5423
6724
7374
7376
7377
7379
7380
7382
7383
7385
7386
7388
7389
7390
1590
3754
7392
7393
7395
7396
7398
7399
7401
7402
3482
7405
7406
6581
7248
7408
7409
7411
3564
6915
7413
7414
7416
7417
2360
3624
7419
7420
7422
7423
3112
7425
7426
7428
7429
7431
7432
7434
7435
7437
7438
7440
3627
5486
7441
7443
7444
7446
4705
4773
7447
7448
4489
7450
7452
7453
1069
4872
5020
7454
7455
7457
7458
7460
7462
7464
3521
7373
7466
7467
7469
7470
7472
7473
7475
7476
7478
7479
7481
7482
7484
7485
7487
7488
7490
7491
7493
7494
7496
7497
7499
7500
798
5533
7501
7502
7504
7505
1731
7511
7513
7514
7516
7517
7519
7520
7522
5236
7523
7524
7526
7527
7529
7530
7532
7533
7535
7536
7538
7539
7541
7542
7544
7545
7547
7548
7550
7551
7553
7554
7557
7558
7560
7561
7563
7564
7566
7567
7569
7570
7572
7573
7575
7576
7578
7579
7581
7582
7584
7585
7587
7588
7590
7591
7593
7594
7596
7597
7599
7600
7602
7603
663
2664
7604
7606
7607
7609
7610
7612
4
4110
5565
7614
7615
7617
7618
7620
7621
7623
7624
7626
7627
7629
7630
7632
7633
6540
2366
7635
7636
7638
7639
1093
7641
7642
7644
7645
7647
7648
7650
7651
7653
7654
7391
7655
7657
7658
7660
2639
6297
6785
7662
7663
7665
7666
7668
7669
7671
7672
7674
7675
3189
5102
7677
7678
7680
7681
2292
2408
3026
4032
7683
7684
7686
7687
7689
7690
7692
7693
7695
7696
7698
7699
7701
6646
7702
7704
7705
2004
7707
7709
7710
7712
7713
3045
6263
7714
7716
7717
7719
7720
7722
4434
6196
7723
7724
7735
7737
7738
7740
7741
7743
7744
7746
7747
7749
7750
7752
7753
7775
7777
7331
7779
7780
7782
4124
4790
7047
7057
7792
7793
7795
7796
7798
7799
7801
7802
7804
7805
7807
7808
1776
7810
7811
7813
7814
7816
7817
7819
7820
7822
7823
7825
7826
7828
7829
1679
7830
4995
5950
6614
7831
7833
7834
2075
3063
4253
7506
7837
7838
7840
7841
7843
7844
7846
7847
7849
7850
7852
7853
7855
7856
3856
7321
7858
7859
1755
7861
7862
7864
7865
7867
7868
7871
7872
7874
7875
6883
7877
7878
7880
5175
7881
7883
7884
3414
3769
5547
5927
6602
7071
7887
7888
7890
7891
7893
7894
7896
7897
6006
7898
2963
7899
7901
7902
7904
7905
617
3705
6730
7407
7908
7909
7911
7912
48
4265
4280
7914
7915
7917
7918
7920
7921
7923
7924
7926
7054
7928
7929
7931
7932
7934
7935
7937
7938
4949
7940
7941
5475
6389
7177
7756
7942
7944
7945
7947
2153
5999
7949
7950
7952
7953
7955
7956
7958
7959
7961
7962
7964
7965
7967
7968
7970
7971
7973
7974
7976
7977
7979
7980
7982
7983
7985
7986
7988
7989
7991
7992
660
1573
4298
7994
7995
7997
7998
8000
8001
8003
8004
8006
8007
8009
3491
6429
8017
8019
8020
8022
8023
4553
5099
8025
8026
8028
8029
8031
8032
8034
8035
8037
8038
8040
8041
3195
8042
8044
8045
8047
8048
8050
3304
8052
8053
8054
8056
8057
8059
8060
8062
8063
8066
8067
8069
8070
2922
4713
7766
8071
8073
8074
8076
8077
8079
8080
8082
8083
8085
8086
8088
8089
8091
8092
8094
8095
8097
364
3589
3765
8099
8100
8102
8103
8105
8106
581
2894
8108
8109
8111
8112
8114
8115
8117
8118
8120
8121
8123
8124
8126
8127
8129
8130
8140
8142
8143
8145
8146
8148
1302
1660
7404
8149
5027
5781
6687
8151
8153
8154
8155
8157
8158
8160
8161
8163
8164
8166
8167
8169
8170
795
5140
8171
3357
6629
8174
8175
8177
8178
8180
8181
8183
8184
8186
8187
8189
8190
6132
8191
8192
8194
8195
8197
5348
8199
8200
8202
8203
8205
8206
8208
8209
8211
8212
8214
8215
8217
8218
8220
8221
8223
8224
8226
8227
2330
7026
8229
8230
8232
8233
8235
8236
8238
8239
8241
8243
8244
3637
8246
8248
8249
8251
8252
8254
8255
8257
8258
8260
8261
770
3670
4222
5444
8262
8263
8265
8266
8268
8269
8271
8272
8274
8275
8277
8278
8280
7241
8281
8283
8284
8286
8287
8289
8290
1566
5961
8292
8293
8295
8296
8298
8299
8301
8302
8304
8305
8307
2448
3598
8308
8310
8311
8313
8314
8316
8317
8830
10289
13025
13715
18458
18745
2772
6129
8319
8320
8322
8323
8325
8326
8328
8329
8331
8332
8334
8335
8337
8338
8340
8341
8343
8344
8346
3051
8347
8348
8350
8351
8353
8354
5746
8356
8357
8359
8360
8362
8363
8365
6262
8014
8367
8368
1198
4294
8370
8371
8373
8374
8376
8377
8379
8380
8382
8383
8385
8386
3941
5260
5420
8388
8389
8409
8411
8412
8414
8415
8417
723
4365
8424
8425
8427
8428
8430
8431
8433
8434
8436
8437
8439
8440
8442
8443
8445
8446
8448
8449
8451
8452
8454
8455
3041
8457
8459
8460
8462
8463
8465
8466
8468
8469
8471
8472
8474
8475
8477
8478
560
8479
8480
8482
8483
8485
8486
8488
8489
8491
8492
8494
891
8496
8497
8499
8501
8502
8504
8505
8507
8508
8509
8511
8512
8514
3809
6983
8336
8516
8517
8519
8520
8522
8523
8525
8526
8528
8529
8531
8532
8534
8535
8537
8538
8540
8541
8543
8545
8546
8548
8549
8551
8552
8554
8555
8557
8558
8560
8561
8563
8564
8566
8567
8569
8570
8572
8573
8575
8576
2533
5001
6374
8578
4725
8579
8581
8582
8584
8585
8588
8589
7147
8590
8591
8593
8594
8596
1525
3238
8598
8600
8601
3314
3488
8603
8604
8606
4893
8607
8609
8610
8612
8613
8615
8616
8618
8619
8621
8622
8624
8625
8627
8628
8630
8631
8633
8634
8636
8637
8639
8640
8643
8644
8646
8647
8649
8650
8652
8653
2491
7081
8655
8657
8658
5297
8659
8661
8422
8663
8664
8666
8667
8669
8670
4736
5229
6217
7074
8673
8674
8676
8677
8679
8680
6516
7097
8690
8691
8693
8694
8696
8697
8699
2610
6074
8701
8702
8704
8705
8707
8708
8710
8711
8713
8714
1725
6120
8725
8726
8728
8729
8731
8732
8734
8735
1489
2982
8737
8738
8740
8741
8743
8744
8746
8027
8747
8749
8750
8752
8753
8755
8756
8758
8759
8761
8762
8764
8765
8767
8768
7214
8770
8771
8773
8774
8776
1012
3868
8777
8779
8780
8782
8783
8785
8786
8788
8789
8791
8792
8793
8795
912
3684
8796
8797
8799
8800
584
2864
6959
8282
8803
8804
8806
8807
8809
8810
8812
8813
8815
8816
8818
8819
8821
8822
8824
8825
1164
1514
3279
8656
8826
8827
8829
8832
2123
3898
4121
8833
8834
8836
8837
8839
8840
5624
8152
8843
8844
8846
8847
8849
8850
8852
8853
8855
8856
8858
8859
8861
8862
2939
8863
6414
8672
8864
8866
8867
8869
8870
4612
8881
8882
8884
8885
8887
7445
8586
8889
8890
8892
8893
8895
8896
8898
8899
8901
8902
3523
8904
8905
8907
8908
8910
8911
8913
8914
8916
8917
8919
8920
1143
8953
8954
8956
8957
8959
8960
8962
8963
8965
8967
8968
8970
8971
8973
8974
8976
8977
8979
8980
8982
8983
8985
8986
8988
8989
8991
8992
8994
8995
8997
8998
381
1865
4896
7637
8999
9000
9002
9003
9005
4727
4733
8141
9007
9008
9010
9011
5574
9013
666
6002
7734
8718
8823
9014
9016
9017
9019
9020
9022
9023
9025
9026
9028
9029
9031
9032
9034
9035
9037
9038
9040
9041
9043
9044
9046
9047
9049
9050
9052
9053
9055
9056
9058
9059
9061
9062
9064
9065
9067
9068
9070
9071
9073
9074
9076
9077
9079
9080
9082
9083
9085
9086
9087
9089
9090
9092
9093
9095
9096
9098
9099
9101
9102
9104
9105
9107
9108
9110
9111
9113
9114
9116
4091
5936
9117
9118
9120
9121
9123
9124
9126
9127
9129
9130
9132
9133
9135
9136
3454
9137
9138
9140
9141
9143
9144
9146
9147
9149
9150
9152
5947
6792
9153
8364
9154
9156
9157
9159
1486
2132
3731
5428
9161
9162
3387
9164
9165
9167
9168
9170
9171
9173
9174
9176
9177
9179
9180
6461
7540
8242
8684
9181
9183
3459
9184
9186
9187
9189
9190
9192
9193
9195
9196
9198
9200
9201
9203
4359
9204
9205
4277
9208
9209
9211
9212
9214
9215
9217
9218
9220
9221
9223
9224
9226
9227
4849
9228
9230
5953
9231
9234
9235
178
3208
5089
9236
9237
9239
9240
9242
9243
9245
9246
9248
8093
9249
5917
7347
9252
9253
9255
9256
9257
9259
8945
6926
9261
9262
9264
9265
3436
4807
7348
8291
8668
9267
9268
9270
9271
9273
9274
9276
95
9279
9280
9282
9283
9284
6076
9287
9288
9290
9291
9293
9294
9296
9297
9299
9300
9302
9303
6422
9304
9305
9307
9308
9310
9311
9313
9314
9316
9317
9319
4732
7069
9321
9322
9324
9325
9327
9328
9330
9331
1812
3095
9333
9334
9336
9337
9339
9340
9342
9343
9345
9346
2525
3888
6292
9347
9349
9350
9352
8513
9354
9355
9357
9358
9360
9361
2045
9363
9364
9366
9367
9369
9370
3317
4560
9371
4464
4577
9169
9373
9374
9376
9377
9379
9380
4983
6501
9382
9383
9385
9386
9388
9389
9391
9392
9394
9395
9397
9398
8361
9400
9401
9403
9404
9406
8722
9408
9409
9411
9412
9414
9415
7869
8312
9418
9419
9421
9422
9424
9425
9427
9428
9430
9431
9433
9434
9436
9437
752
3351
3505
3508
6126
9438
9440
9441
9443
9444
9446
9447
9449
9450
9452
9453
9455
9456
9458
5820
9459
9461
9462
9464
9465
9332
9344
9467
9469
9470
6259
9472
9473
9475
9476
9477
9479
9480
9482
9483
9485
9486
9488
9489
9491
9492
9494
9495
4038
8369
9496
9497
9499
9500
9502
9503
9505
9506
9508
5016
5694
7042
7930
9509
9510
9512
9513
8464
9515
9516
9517
9519
5688
7791
7927
9522
9523
9525
9526
9528
9529
7100
9531
9532
9534
442
6302
6305
9535
9537
9538
9540
9541
9543
9544
9546
9547
9549
1909
9289
9551
9552
9554
9555
9557
9558
9560
9561
9563
9564
9566
9567
9569
9570
9572
9573
9575
9576
9578
9579
9581
9582
9584
9585
9587
9588
3657
9589
9590
9592
9593
9595
9596
9598
9599
9601
9602
9604
9605
9607
9608
9610
9611
9613
9614
9616
9617
9619
9620
9622
9623
9625
9626
9628
4069
9629
9631
9632
9263
9635
9636
9638
9639
9641
9642
9644
9645
9647
9260
9649
9650
2054
9652
9653
9655
9656
9658
9659
5313
9250
9661
9662
9664
9665
9666
9668
9669
9671
9672
9675
9676
5254
7759
9677
9679
9680
9682
9683
9685
9686
9688
9689
9691
9692
9694
9695
9697
7922
9698
6795
9539
9699
9701
9702
9704
9705
9707
9708
9710
9711
9713
4035
5233
7781
9285
9718
9720
9721
9723
9724
9726
9727
9729
9730
9732
9733
3865
9734
9736
9737
9739
9740
9742
9743
9745
9746
9748
9749
9751
9752
4687
9754
9755
9757
9758
9760
1236
3687
4170
4734
9762
9763
9765
9766
6773
7946
9769
9770
9772
9773
9775
9776
9454
9779
9780
9782
9783
9785
9786
9789
9790
9792
9793
5759
8681
8925
9795
9796
9798
9799
9801
9802
9804
9805
9807
9808
9810
9811
9813
9814
9816
3473
6319
9817
9818
9820
9821
7661
9823
9824
9826
9827
462
9844
9846
9847
9849
9850
9852
9853
9229
9855
9856
3291
5045
8790
9859
9860
9862
9863
1799
5483
9864
9866
9867
9869
3247
6819
9870
4111
6140
9872
9873
9874
9875
9877
9878
9880
3877
4574
9887
9888
9890
9891
4879
8245
9894
9895
9896
9897
6317
9899
1841
9900
9901
9903
9904
9906
9907
9909
9910
9912
9913
9916
9917
9919
9920
9922
9923
9925
9926
3625
3635
5257
8772
9927
9928
9930
9931
9933
9286
9960
9962
9963
9965
9966
194
1885
6667
9968
9969
9971
9972
9974
9975
9977
1704
1900
7415
9979
9980
9982
9983
9985
9986
4389
8878
9989
9990
9992
9993
749
767
8390
9970
9995
9996
9998
9999
10001
10002
10004
10005
10007
10008
10010
10011
10013
10014
10025
10026
1929
6777
9700
10028
10029
10030
10032
10033
10035
10036
4444
7776
10038
10039
10040
10042
5041
9840
10043
10045
10046
10048
10049
10051
10052
10054
10055
1438
5266
9654
10058
10059
10061
10062
10063
10065
10066
10068
1585
3086
7906
10070
10071
4026
10074
10075
10076
10078
8002
2769
6816
10086
10087
10089
10090
10092
10093
10095
10096
10098
10099
10101
10102
10104
4078
9825
10106
10107
10109
10110
10112
10113
10115
10116
10118
10119
10121
10122
10124
10126
10127
6699
8975
10129
10130
10132
10133
10135
10136
10138
10139
10141
10142
10144
10145
10147
10148
10150
10151
10153
10154
10156
10157
10159
3530
3532
6649
10160
10161
10163
10164
10166
10167
10169
10170
10172
10173
10185
10187
10188
10190
10191
2677
9335
10192
10193
10195
10196
10198
10199
10201
10202
10204
10205
10207
10208
10209
10211
10212
10214
10215
10217
10218
10220
10221
10223
10224
10226
10228
10229
10231
10232
10234
10235
10237
10238
10240
10241
10243
10244
10246
10247
10249
5463
2309
2336
10251
10252
10254
10255
10257
10258
10260
10261
10263
10264
10266
10267
10269
10270
10272
10273
10275
10276
10278
10279
10281
10282
2209
10299
10300
10302
10303
10305
10306
10308
10309
10311
137
4113
10313
10314
10317
10318
10319
6249
10321
10323
10324
8577
10325
10326
10328
5778
10329
10331
10332
10334
10335
10337
10338
10340
10341
10343
10344
10346
10347
10349
10350
10352
10353
10355
10356
10358
10359
10361
10362
10364
10365
10367
10368
10370
10371
10373
10374
10376
10377
8500
8915
10379
10380
10382
10383
10385
10386
10388
10389
10391
3710
6343
10392
10393
10395
10396
10398
10399
4724
10401
10403
10404
10406
10407
10409
10410
10412
6137
6146
8583
10414
10415
10417
10418
10420
10421
10423
10424
10426
10427
10430
10431
10433
10434
10436
10437
10439
10440
3445
5010
10441
10443
10444
10446
10447
10449
10450
10452
4286
5697
7797
7900
10453
10454
10456
10457
5914
6417
10460
3307
10176
10461
10462
10464
10465
10467
10468
4119
10470
10472
10473
10475
10476
3543
3834
5600
10483
10484
10486
10487
10489
10490
10492
10493
10495
10496
10498
10499
10501
10502
10504
10505
10507
10508
6426
10510
10511
10513
10514
4852
7060
10515
10517
10518
10520
10522
10523
7078
9761
10525
10526
10527
10529
10530
10532
10533
10535
10536
10538
10539
10541
3089
4473
10542
10544
10545
10547
10549
10550
10552
10553
10555
10556
10558
10559
10561
10562
4204
4213
8932
8947
10563
10564
10566
10567
10569
10570
10572
10573
10575
10576
10578
10579
10581
6543
8398
10582
593
10585
10586
10588
3442
5113
10589
10591
10592
10594
10595
1507
1588
10598
10599
10601
10602
10604
10605
10607
10608
236
3714
10384
10610
10611
10613
10614
10616
4457
4459
8470
10618
10619
4317
10622
10623
10625
10626
10628
10629
10631
10632
10634
10635
10637
10638
10639
10641
974
2734
9961
2168
10642
10644
10645
10647
10648
10650
5040
10651
10653
10654
10656
10657
10659
10660
10663
10664
10671
2828
4970
6576
9445
9448
10672
10673
10675
10676
7449
7835
10677
10678
10680
10682
10683
10685
5900
9460
9822
10686
10688
10689
1305
10695
10696
10698
10699
10701
10702
10704
10705
10707
10708
10710
10711
10712
10714
10715
5245
10716
10718
10730
10731
10733
10734
3797
4044
8503
10737
10738
10740
10741
9597
10742
10744
10745
10747
10748
10750
10751
10753
10754
10756
10757
10759
10760
10762
10763
10765
10766
7357
10768
10770
10771
10773
10774
10776
10777
8378
10778
10780
10781
10783
4164
4207
10798
10799
10801
10802
10804
10805
1932
2502
10807
10808
10810
10811
7832
10821
10822
10824
10826
10827
4383
6570
9716
10828
10830
10831
10833
10834
10836
10837
10839
10840
10842
10843
8403
10554
10846
10847
10849
10850
8794
10851
10853
509
10854
10856
10857
10859
10860
5679
7261
7326
10871
10873
10874
10876
10877
10879
10880
10882
10883
10885
10886
1908
5845
10897
10899
4720
10900
10901
10903
10904
983
10390
10907
10908
10910
10911
10913
10914
10916
10917
5775
5973
10918
3369
5253
10919
10920
10922
10923
10548
10926
10927
10929
10930
10932
10933
10935
10936
10938
10939
10941
10942
1347
10952
10953
10955
10956
10958
6177
10960
10961
4837
10571
6448
10964
10965
10967
10968
10970
10971
3558
10973
10975
10976
10978
10979
10981
10982
10983
10984
10986
10987
10989
10990
7293
10992
1654
10993
10994
10996
5180
10997
10998
6193
10806
11000
11001
11003
11004
11006
11007
11009
11010
11012
11013
11015
11016
5638
11018
11031
6997
11034
11035
11037
11038
11040
11041
11043
11044
11046
11047
10479
11048
11050
11051
11053
8081
11063
11064
11066
11067
11069
11070
11072
11073
11075
11076
11078
11079
11081
11082
3060
11084
11085
3536
9997
11086
11088
11089
11091
11092
11094
11095
11097
11098
11100
11101
11103
11104
11106
11109
11110
11112
11113
11115
11116
11118
11120
11121
1716
2671
3681
11124
11125
11127
11128
11130
11131
6678
9892
11132
11133
11135
11136
11138
11139
11141
11142
11144
11145
11147
11148
11150
11151
11153
11154
11156
11157
1286
11159
11161
11162
11164
11165
7708
11167
11168
11170
11171
11173
11174
11176
10590
11177
11178
11180
11181
8012
9715
11184
11185
1256
4056
7521
11187
11188
11190
11191
11193
11194
11196
11197
11199
11200
11201
11203
11204
11206
11207
11209
11210
11217
11218
11220
11221
11223
11224
11225
11226
11228
7525
8043
10080
11230
11231
11233
11234
11237
11238
11240
11241
11243
11244
4467
4617
11245
11247
11248
11250
11251
11253
11255
11256
11273
11274
11276
6205
6424
11282
11283
11285
11286
11288
11289
4938
6019
8384
9934
11291
11293
11294
11296
11297
11299
11300
11302
1314
6016
10719
11303
11305
11306
11308
11309
11311
11312
11314
11315
11317
11318
11320
11321
9197
10969
11324
11325
11327
11328
4941
11329
11330
11331
11333
11334
5568
11336
11338
11339
11341
11342
11344
11345
11347
11348
11350
11351
5039
5051
6905
11379
11380
11382
11383
11385
11386
11388
11389
11391
4259
11392
11394
11395
878
1492
11397
11399
11400
11365
11402
11403
11405
11406
11408
11409
11411
11412
11413
11415
11416
11418
11419
11421
11422
5303
11424
11426
11427
11429
11430
11432
11433
11435
11436
11438
11439
11441
11442
5458
11443
11445
11446
11448
11449
11451
11452
11454
8721
4201
11182
11457
11458
11460
11461
2268
2530
6032
8703
11464
11465
11467
11468
11469
11470
11472
11473
1737
1770
5799
6187
11475
11477
11478
11480
11481
11483
11484
11498
6231
10668
11500
11501
4133
11503
11505
11506
11508
11509
2573
11510
11511
11513
11514
11516
2791
11517
11518
5342
9353
11521
11522
11524
11525
11527
11528
11530
11531
11533
11534
11536
11537
11539
11540
11542
11543
11545
11546
6293
6294
11547
11548
11550
11551
11553
11554
11556
11557
11559
11560
11562
11563
11565
11566
11568
11569
3123
11574
11575
11577
11578
11579
9941
11580
11583
11584
11588
11589
11591
10111
11592
11593
8964
11595
11597
11598
6410
10890
11604
11606
11607
11609
11610
11612
11613
11615
11616
11618
11619
11621
11622
11624
11625
11627
6150
8689
11628
11629
11631
11632
11634
11635
11637
11638
11640
11641
11643
11644
8110
11645
11647
11648
11650
11651
11653
11654
11656
11657
11659
11660
11662
11663
11665
11666
11668
11669
11671
11672
11674
11675
11677
11678
11680
11681
11683
11684
11685
2798
9199
11687
11689
11690
11692
11693
11695
11696
11698
11699
11701
11702
11703
7318
11717
11719
11720
11722
11723
6714
11725
11726
11728
11729
11731
4795
11732
11734
11735
11737
11738
11740
11741
11743
11744
11746
11747
11749
11750
11752
11753
11755
11756
11758
11759
11761
11762
11764
11765
11767
2445
11768
11769
11771
11772
11774
11775
11777
11778
11780
11781
6887
11783
11785
11786
11788
11789
11791
11792
11793
11795
11796
2841
11754
4811
10381
11797
11798
11800
11801
11803
11804
11806
11807
11809
11810
11812
3221
4669
10091
11814
11815
11817
11818
8467
11819
7044
11821
4980
11822
11823
11825
11826
11828
11829
11831
11832
11833
11834
11836
11838
11839
11841
11842
10931
11844
11845
11847
11602
11848
5104
5107
11850
11852
11853
11855
11856
11858
11859
11861
11862
11864
11865
8122
9348
11882
11883
11885
11886
11888
11889
6635
11891
3282
3451
11892
11893
11895
11896
11898
11899
11901
11902
11904
11905
11907
6202
6743
11232
11908
11910
11911
11913
11914
11917
11918
11920
11921
11923
11924
11926
11927
7885
11928
11930
11931
11933
9384
11935
4679
11936
11937
11939
8372
11941
11942
7264
10812
11954
11955
11957
11958
11960
11961
11963
11964
11966
11967
11969
11970
11976
6906
11977
11978
11980
11981
11983
11984
11986
11987
11989
11990
11992
11993
10524
11998
1888
11999
12000
12002
12003
12005
4831
5644
10537
8587
12007
12009
12010
12012
12013
12015
12016
12018
12019
12021
12022
12024
12025
1809
7754
8724
12027
12029
12030
12032
12033
12035
12036
12037
12039
12040
6828
11378
12045
12046
12048
2873
8805
12050
12051
12053
12054
12056
12057
12059
12060
3133
10394
10814
10848
12058
12062
12064
12065
12067
12068
7356
12026
12069
12071
12072
12074
12075
12077
12078
12080
8423
12081
12082
12084
12086
12087
12089
12090
4825
12093
12095
12096
7727
12099
12100
12102
12103
5979
7328
12104
12105
12107
3931
12109
12110
8119
11652
12112
12113
12115
12116
12118
12119
12121
12122
12124
12125
12127
9160
12128
12130
11682
12132
12133
12135
12136
12138
12139
12141
12142
12144
9819
12149
12150
12152
12153
12155
12156
12158
12159
12161
12162
9747
12164
12166
12167
6472
1000
12168
12170
12171
12173
12174
12176
12177
12179
12180
1922
8408
12183
12184
12186
12187
12189
12190
5592
10583
12191
12192
12194
8136
12195
6761
8264
8461
11900
12197
12198
12200
12201
12203
12204
12206
12207
4557
6299
9417
12208
12209
12211
12212
12214
12215
12217
10105
12218
12220
12221
12223
12224
4840
12226
12228
9837
11074
12229
12231
12232
12234
12235
12237
12238
12240
12241
12243
12244
12246
12247
12249
12250
12252
12253
12255
12256
12258
12259
12261
12262
12264
12265
12267
12268
12270
12271
3757
4921
12273
12275
12276
12278
12279
12280
12282
12283
12284
12286
12287
10197
12289
12290
12292
12293
12295
12296
12309
12311
3100
4117
10521
12313
12314
10017
12316
1212
4081
12317
12318
12320
12321
12323
12324
12326
12327
12329
12330
12332
11019
12333
12335
12336
12339
12341
12342
12344
12345
10182
12347
12348
12350
1850
8802
12351
12352
12356
12357
10784
3534
5411
6407
6408
11515
12334
12359
12360
12362
12363
12365
12366
12368
12369
12371
12372
12374
12375
12378
12379
12380
12381
12383
11393
12385
12386
10194
12388
12389
12391
12392
11080
12393
12395
12396
12398
12401
12402
9905
11062
11077
11083
12403
12404
12406
12407
12409
10491
12412
819
10478
12415
12416
12418
12419
12421
12422
12424
12425
12427
12428
12430
12431
12432
12433
12435
12436
12438
12439
12441
12442
12444
12445
12447
12448
12450
12451
12453
12454
12456
12457
12459
12460
12462
12463
12465
12466
12468
12469
12471
12472
12474
12475
11949
12478
12479
12481
12482
4053
12483
12485
12486
12488
12489
12491
12492
12494
12495
12497
12498
12500
12501
12503
2686
4875
11087
12505
12506
12511
12512
12514
12515
12517
12518
12520
12521
12523
12524
12526
12527
12529
12530
12532
7818
11155
12548
12549
12551
12552
4480
12038
12553
12555
12556
12558
12559
12561
12562
3871
12564
12565
12567
12568
12570
12571
12573
7706
11335
12575
12576
12578
10724
12579
12580
12582
12583
12585
12586
12588
12589
12591
12592
12594
12595
12597
12598
2417
12599
12600
12602
12603
12605
12606
12608
12621
12623
12624
3620
8128
12083
12626
12628
12629
12631
12632
12634
12635
12637
12638
12640
12641
12643
12644
12646
12647
12649
12650
12651
12652
12654
12655
1920
7159
12657
12659
12660
12662
12663
12665
12666
12668
12669
12671
7577
12672
12674
12675
12677
12678
3178
11236
12680
12681
12683
12684
12686
12687
12689
12690
2652
12692
12693
12695
12696
12698
12699
12701
4082
9633
12702
12703
12705
12706
12708
12709
12711
12712
12714
12715
12717
12718
12720
12721
6728
9545
12723
12725
12726
151
7029
11544
12288
12728
12729
12731
12732
12734
12735
12737
12738
12740
12741
12743
12744
12746
8927
12618
12747
12749
12750
12752
12753
12755
12756
12758
12759
12762
12763
12765
12766
12768
12769
12771
12772
12538
12774
12775
12777
12778
12779
12781
12782
12784
12785
12787
12788
4486
12789
12791
12792
12794
1915
5110
7002
12796
12797
12799
12800
12802
12803
12805
12806
12808
12809
12811
12812
12814
12815
12818
12819
11630
11879
12821
12822
12824
12825
12827
12828
12830
12831
12832
12834
12835
7954
7963
12837
12838
12840
12841
12843
12844
12846
12847
12849
12850
12852
12853
12855
12856
12858
12859
12861
12862
12864
12865
7565
8201
12866
12867
12869
12870
12872
12873
12875
12876
12878
12879
12881
12882
12884
12885
12887
12888
12890
12917
12918
9777
12920
12921
12923
12924
12926
12927
4331
4671
10865
12929
12930
12932
12934
12936
12937
12939
12940
12944
3092
4746
8727
12946
12947
12949
12950
12952
12953
12955
12956
12959
12960
12962
12963
12964
12965
12967
6902
8173
12968
12970
12971
5050
8150
12974
12975
12977
12978
12114
12979
12980
12982
5641
3069
5239
12984
12986
12987
12988
12989
12991
12992
12994
608
11420
12996
12997
12999
13000
13002
13003
13005
13006
13008
2715
13010
13011
13012
13013
13015
3638
3640
3648
3650
3679
7040
13017
13018
13020
13021
13023
13024
13026
13027
13029
13030
13031
13032
13034
13035
13037
9955
10615
11463
11962
13038
13040
13041
13043
13044
13046
13047
13049
13050
13052
13053
13055
13056
5453
13058
13059
13061
13062
3497
10640
13064
2636
7789
13065
13067
13068
13070
13071
12833
12836
13073
13074
13076
13077
13079
4447
13084
13085
13089
13091
13092
13094
13095
9948
13096
13097
13099
13100
13102
13103
13105
13106
13108
13109
13111
13112
13114
13115
13117
13118
13120
13121
13123
13124
1501
2567
7051
10717
13126
13128
13129
13131
13132
13134
13135
13137
13138
13140
13141
13143
13144
6740
13151
13152
13154
13155
13157
13158
13160
6350
3202
6780
9151
9501
10165
13162
13163
13165
13166
13168
13169
13171
13172
13174
13175
13177
13178
13180
1084
10720
13181
13182
13184
13185
13187
13188
13190
13191
13193
13194
13196
13197
13199
13200
13202
13203
13205
13206
13208
13209
10693
11581
13211
13212
13214
13215
9976
12227
13216
13218
13219
13221
6770
12620
5650
12165
12410
13224
13225
13227
13228
13230
13231
3706
13232
8934
9812
12490
13233
13234
13236
13237
13239
13240
13242
13243
13245
13246
13248
13249
13251
13252
13254
13255
13257
13258
13260
13261
13263
13264
13266
1844
5659
7685
13267
6165
8808
12123
13270
13271
13273
13274
6524
13275
13277
13278
13280
10691
13282
13283
13285
13286
13291
13292
13293
13295
13296
13298
13299
13301
13302
13304
11146
13306
13307
13309
13310
13312
13313
13315
13316
13318
13319
13321
13322
13324
13325
13327
13328
13330
13331
13333
13334
13336
13337
729
5497
5521
13339
13340
13341
13342
13344
13345
13347
13348
13350
7821
9134
13351
13352
13354
13355
6705
7643
13357
13358
13360
13361
13363
13364
7507
12315
13365
13366
13368
13369
13371
13372
13374
2479
8930
13375
13376
13379
13380
13382
13383
13385
13386
13387
13389
13390
13392
6295
13393
13394
7375
13397
13398
13400
13401
8333
11587
13409
13411
13413
13414
6331
12724
13416
13417
13419
13420
13422
13423
13425
13426
13428
13429
13430
13431
13433
4301
13435
13436
13438
13439
13441
13442
13444
13445
13446
13447
13449
764
13451
13452
13454
13455
13497
7456
9405
12452
13498
13500
13501
13503
13504
13506
13507
13509
13510
13512
11512
13515
13516
13518
13519
13521
13522
13524
13525
13527
13528
13530
13531
13533
1927
3567
13534
13536
13537
3468
10729
13540
12254
13542
13543
13545
13546
4461
13547
13548
13550
13551
13553
13554
11571
12716
13556
13558
13559
13561
13562
13564
13565
13566
13568
13539
13579
13581
13582
11268
11676
13584
13586
13587
13589
13590
13592
13593
13595
13596
13598
13599
5609
13600
13602
13603
5550
13605
13606
13607
13608
13610
4183
8921
8931
8951
13611
13612
13614
13615
13617
13618
13620
13621
13623
13624
13626
13627
13629
13630
5530
13632
13635
13636
1998
10310
13638
8176
8510
13639
13640
13642
13643
10060
13645
6405
7468
7694
11948
12337
13646
13648
13649
13651
13652
13654
13655
13657
2536
13054
13665
13667
13668
13670
13671
3
7003
11372
13673
13675
13676
13678
13679
13681
13682
13684
13685
13686
13688
13689
13691
13692
13694
13695
13697
13698
13700
13701
13703
8706
10108
13145
13704
13706
13707
6214
8592
13710
13711
13713
13714
11763
13716
13717
13719
8675
13063
13720
13722
13723
9944
4700
4703
2385
9410
13727
13728
13730
8645
13732
13733
13735
13736
13738
13740
13741
13743
4915
13751
13752
13754
13755
10184
13757
13758
13760
13761
13763
8188
10988
13764
13765
7728
13767
13768
13770
13771
13773
13774
13776
13777
13779
10041
11370
13791
13792
13794
13795
13797
13798
13800
13801
13803
13804
13806
13807
13809
13810
13812
13813
13815
13816
13818
13819
13821
13822
13824
13825
13827
13828
13069
13831
13832
13838
3646
13839
13840
8309
13842
13844
13845
3720
4615
5061
13847
13848
13850
13851
13853
6010
13855
13856
13858
13859
13861
13862
13864
47
6658
9122
13478
13865
13867
13868
13870
13871
13873
13874
13876
13877
13396
13879
13880
13882
13883
13885
13886
13888
13889
13891
13892
13901
7119
11229
13906
13907
13909
13910
1230
5169
10333
10363
13913
13914
13916
13917
13919
13920
13922
13923
13925
13926
13928
13929
13931
13932
6224
11434
13934
13935
13937
13938
13940
13941
13943
5684
13944
4114
8493
12154
13939
13946
6168
13317
13948
13949
13951
13952
13954
13955
13957
13958
7038
13959
303
13965
13966
10662
12325
13523
13968
13969
13971
8420
9045
13982
13983
13985
13986
13988
13989
13991
13992
13994
13995
10225
13999
14001
14002
14004
14005
14007
14008
14010
10316
14011
12061
14013
14015
14016
14018
14019
14021
14022
14024
14025
14027
14028
14030
14031
14033
14034
14035
14037
14038
14040
14041
14043
14044
14046
14047
14049
14050
14052
14053
14054
14056
2778
3997
14057
14058
14060
14061
11739
6681
8234
9277
12546
14064
14065
14067
14068
13265
14070
2999
3439
6458
14020
14071
14073
14074
14076
14077
14079
14080
14082
14083
14085
14086
14088
14089
14091
5603
14092
14093
11316
11552
14097
14106
14108
14109
14111
14112
14114
14115
14117
14118
14120
9216
14121
4911
12648
14124
14125
14127
14128
14130
14131
14133
14134
477
10069
4077
7427
8267
10722
14136
14138
14139
14141
14142
14144
14145
14147
14148
14149
14151
14152
3812
11265
14155
14156
14158
14159
14161
14162
14164
14165
14167
14168
14170
14171
14173
14174
14176
14177
14179
14180
14182
14183
9185
11222
14184
14186
14187
14189
14190
4428
14192
14193
11032
14195
14196
14198
14199
14201
9767
13960
14204
14205
14207
14208
13289
14209
14211
14212
14214
14215
14217
14218
14219
11396
11716
13039
14221
14223
259
8929
11360
14224
14225
14227
14228
14230
14231
8716
11280
13557
14233
14234
14236
14237
7268
14238
14239
14241
10809
14242
14243
2324
13164
14245
14246
14248
14249
14251
14252
14254
14255
14257
14258
10327
12544
14260
14261
14263
6726
12915
14265
14266
14267
14269
9571
14285
14286
14288
14289
14291
14292
14294
14295
14297
14298
14300
14301
14303
7421
14304
10125
14306
14308
14309
5080
14311
14312
14314
14315
14317
14318
14320
14321
14323
14324
14326
14327
14329
14330
14331
14333
14334
14339
14340
14342
14343
3938
7800
12219
14344
14346
626
8030
1171
8642
14347
14348
14350
14351
14353
14354
14356
14357
7725
14359
6632
14361
14362
14364
14365
14367
14368
14370
14371
14373
14374
14376
7276
14386
14388
14389
3821
14391
14392
14394
14395
14397
14398
14400
14401
14410
7183
5125
5967
8682
14441
14443
14444
14446
14447
14449
14450
4063
7351
14222
14452
14454
14455
869
10203
13406
14456
14458
14459
14461
14462
14464
14465
14467
14468
14470
14471
14473
11849
13997
14475
14476
5392
10543
14072
14479
14480
14482
14483
14485
14486
14488
14489
14491
14492
14494
14495
14497
14498
14500
14501
14503
14504
14506
14507
14508
14509
14511
1651
5440
14513
10022
12961
14514
14516
14517
14519
14520
14522
14523
14525
14527
14528
14530
14531
14533
14534
14535
14536
14538
14539
14541
14543
14544
14546
14547
14550
14552
14553
14555
14556
14558
14559
14560
14562
1666
10416
14563
14564
10459
11249
14566
14567
14569
14570
14572
14573
14575
14576
14578
14579
14580
14581
14582
14585
14586
11061
12793
14587
14588
14590
4515
12596
14591
14593
14594
10295
14366
14596
14598
14599
14601
14602
14604
14605
14607
14608
14610
14618
14619
14621
14623
14624
14625
14627
14628
14629
10991
11794
8996
14632
14633
14635
14636
14638
14639
14641
14642
4468
14643
9054
13279
14646
14647
14649
14650
14652
14653
11590
14662
14663
8678
10621
11352
14665
14666
14668
14669
14671
14672
14674
14675
14677
14678
14680
14681
14683
14684
761
10519
14685
14686
14688
14689
14691
14692
14694
14695
14697
7711
12028
14699
14700
14702
14703
14705
14706
14708
7742
13066
14096
14723
14724
9978
12394
14725
14727
14728
14730
14731
11213
14733
14735
14736
13378
13381
14737
14738
14740
14741
14743
14744
14746
7433
14747
14748
10429
11202
14742
14750
14751
14753
14754
14756
14757
14759
14760
14762
14763
14765
14766
14768
14769
14771
14772
14774
14775
14777
14778
14780
14781
14783
14784
14786
14787
8401
14789
14790
14792
14793
14795
14796
14797
14798
14800
9233
13744
14802
14803
14805
14806
939
8303
8937
10320
14827
14829
14830
14832
14833
14835
14836
14838
14839
14841
1161
1663
9487
12364
14842
14844
14845
14847
1128
2001
14871
14872
14874
14875
14877
14878
14880
14881
14883
14884
14886
6567
14887
3628
3806
9511
12658
12776
14889
14890
14892
14893
14895
14896
4029
14897
5038
5044
10684
14898
14899
14901
14902
14904
14905
2763
10895
11760
14907
14908
14910
14911
14913
14914
14916
14917
14919
14920
14921
14922
14924
14925
14927
14928
14930
5911
6421
10892
11052
13664
13672
14932
14933
14935
14936
14938
14939
14941
14942
14944
14945
14946
14948
14949
14951
14952
14954
14955
14957
14958
14960
14961
14963
14964
14966
14967
14969
14970
14972
14973
14975
14976
14978
8831
12820
14980
14981
14983
14984
14986
14987
14989
14990
14992
14993
14995
14996
14998
14999
15001
15002
15004
15005
15007
15008
15010
15011
15013
15014
15016
15017
15019
15020
15022
15023
15025
15026
15028
15029
15031
15032
15034
15035
15037
15038
15040
15041
15043
4944
15045
15046
15048
15049
15051
15052
15054
15055
15057
15058
15060
15061
15063
15064
15066
15067
15068
15069
15071
15072
15074
14846
15076
15077
15079
15080
15082
15083
15085
15086
15088
15089
15091
15092
11529
15095
15096
15098
15099
15100
12751
13303
15101
15102
15104
15105
15107
15108
15110
15111
15113
15114
15116
15117
15119
15120
4484
12710
15135
15136
15138
15139
15141
15142
12958
15145
15146
15148
15149
15151
15152
15154
3981
6123
11474
15156
15157
15130
15159
15161
5615
13529
15162
15164
15165
15166
15168
6303
15169
15171
15172
8270
14203
15179
15181
15182
1683
15183
15184
15186
6608
14352
15191
15193
15194
11252
15196
3360
5515
14657
9213
15198
15199
15201
15202
15204
15205
15207
15208
15210
15211
15213
15215
15216
15218
15220
15221
15223
4465
15225
15226
15229
15230
15232
15233
15235
11866
15236
7649
15239
15240
15242
15243
1003
15244
15246
15247
15249
15250
15251
15253
15254
15256
15257
15259
15260
15261
5307
7077
15262
15267
15269
15270
5
15290
15291
15292
15293
15295
15296
15298
15299
6950
15301
7619
15302
15304
15305
1835
3520
13650
15308
15309
15311
15312
15314
15315
15317
15318
15320
14614
3231
15323
15324
15327
15329
2394
14929
15330
15332
15333
15335
15336
15338
15339
15341
15342
15344
15346
657
15347
15348
15350
15351
15353
15354
5750
15355
15357
8715
14445
15367
15368
15370
15371
15373
15374
6383
15379
15381
15382
3511
4094
4095
10428
15384
15385
15387
15388
15390
15391
15393
15394
11956
15395
15396
15398
15399
15401
15402
15404
15405
15407
15408
15410
15411
15413
3586
9660
15414
15415
15417
15418
7211
15420
15421
10617
15423
15424
15426
15427
15428
15430
15431
15433
15434
15436
15437
15439
15440
15442
13748
15443
15445
15447
15448
15449
15451
15452
15454
1728
6252
11491
15456
15458
15459
7041
15460
15462
11264
15463
15465
15466
15468
15469
6346
15471
8605
12545
14734
15474
15475
15476
15477
15478
7039
15480
15481
15483
15484
15485
15487
5134
6199
14853
15495
15496
15498
15499
15501
15502
15504
15505
15507
15508
12550
15511
15512
3433
3448
10794
15513
15514
15516
15517
15519
15520
15522
15523
15525
15529
9637
10864
10870
15531
15532
15534
13460
12925
15536
15537
15564
12909
15566
15568
15569
15571
15572
15574
15575
15577
15578
15579
11733
13156
15582
15583
15585
15586
15588
15589
15591
15592
10596
13702
15594
15595
15597
15598
15600
15601
15603
15604
15606
15607
15609
15610
15611
3222
10612
15613
15614
15616
15617
15619
15620
11186
12845
15621
15622
15624
15625
15627
15628
15630
15631
15633
15634
15636
11736
14385
15160
15638
15639
15641
15642
11979
12993
13170
15644
15645
15647
15648
15650
15651
15653
15654
15656
15657
15659
15660
15662
1907
2048
11455
15663
15664
15666
15667
15669
15670
15672
15673
15675
15676
15678
15679
15681
15682
15684
15685
15688
15689
15691
15692
15694
15695
11572
15697
15698
15700
15701
15703
15704
15706
15707
15709
15710
7129
15711
15713
15714
15716
15717
15719
15720
15722
15723
15725
15726
15728
11890
15737
15739
15740
12044
15743
15744
15746
15747
5665
15748
15750
15751
9709
11611
13332
15362
15754
15755
15757
15758
15760
15761
15763
15764
15765
15766
15768
15769
15770
10134
10351
13915
15773
15774
15776
15777
11520
15778
15779
15781
15782
15784
15785
15787
15788
15790
15791
15793
15794
15796
15797
15799
15800
15802
11727
12129
13415
14712
15804
15805
15807
15808
15810
15811
8559
10627
15544
15813
15814
15816
15817
3126
3322
12990
13147
15823
15824
15826
15827
15829
15830
10735
15831
15833
15834
15836
8933
10565
12145
13854
15838
15839
15847
15848
8231
12496
15124
15365
15850
15851
15853
15854
15856
15857
15859
15860
15862
15863
15865
15866
15868
15869
15871
15872
11502
14135
15875
15876
15878
15879
7700
9882
13087
15880
15881
15883
15884
15886
15887
15889
15890
5137
13739
15892
15894
15895
15897
15898
15900
15901
15903
15904
6318
14474
15905
15906
15908
15909
15911
15912
15914
1221
11042
15916
15917
15919
15921
15922
15924
15925
1657
13782
15928
15929
15931
15932
15933
15935
15936
15938
15939
15941
15942
15944
15945
5030
8015
15947
15949
15950
15952
15953
15955
15956
15958
15959
15961
15962
15964
15965
15966
15968
15969
15971
15972
4368
4737
15975
15976
15978
15979
15981
15982
6362
10764
15984
15985
15987
15988
15990
13167
15991
15992
15994
15995
15996
15997
15999
16000
6436
9788
11358
16002
16003
16005
16006
16008
11158
4609
6439
11938
15570
16011
16012
16014
16015
16017
16018
16020
16021
6947
12085
16022
16024
16025
16027
16028
16030
14645
16040
16041
16042
16043
16045
16046
16048
16049
5685
11326
12023
16051
3696
13659
14937
16053
16054
16056
16057
16059
16060
16061
6047
6053
16062
16064
16065
16067
16068
12625
16070
16071
16073
2135
11401
12134
13902
14436
16075
16076
16078
16079
16081
16082
16084
16085
16087
16088
16090
16092
16093
16094
16096
3163
5848
7556
9829
9834
9836
9843
12257
16097
16098
16100
16101
16103
16104
16106
16107
16111
16112
16114
16115
16117
16118
16120
16121
10891
11667
13956
16122
16124
16125
16127
16128
16130
16131
16133
11985
16135
16136
16138
16139
3083
16140
11024
16141
16142
16144
16145
16147
16148
16150
16151
6534
16154
16155
2804
16156
16157
16159
16160
16162
16163
16165
16166
16168
16169
15134
16171
16172
16174
16175
16177
16178
16180
5970
14169
16182
16183
16185
16186
16188
16189
16191
16192
16194
16195
16197
16198
16200
16201
16203
16204
6452
6852
10761
16207
16208
13890
16210
11887
12480
11877
11878
15845
16230
16231
16233
16234
16236
16237
16239
16240
16242
16243
16245
16246
16248
16249
16251
16252
16254
16255
16257
16258
8948
13616
16260
16261
16263
16264
16266
16267
16269
16270
16272
16273
5417
8553
14084
16274
16276
16277
16279
16280
16282
16283
16285
16286
16288
16289
16291
16292
16294
16295
16297
16298
16300
16301
16303
16304
16306
16307
16309
16310
16312
15665
16314
16315
3539
9362
13597
13953
16317
16319
16320
16322
16323
16325
16326
16328
16329
16331
16332
16334
16335
13090
16336
16338
16339
16341
16342
16344
16345
16347
16348
16350
5278
9648
13377
16351
16353
16354
1149
9952
16356
16357
16359
16360
2103
6996
16361
16363
16364
6764
11919
16365
16366
16368
16369
16371
16372
16374
16375
16377
2032
8259
16378
16379
16381
16383
16384
16385
16387
1701
5653
13904
16389
16390
16392
16393
12868
16404
16405
16407
16408
16409
16411
4109
16412
16413
9943
16415
12298
5052
9206
12343
16417
16418
16420
16421
16422
16423
16425
16426
16428
16429
16431
4086
11608
11712
12487
16437
16438
16440
16441
16442
16444
16445
16446
16448
16449
9457
14670
16451
16452
16454
16455
16457
16458
16460
16461
16463
16464
16466
16467
16469
16491
16492
16494
16495
16497
15103
16499
16500
7634
16502
16503
1847
12137
15729
15920
16505
16506
16508
16509
16511
16512
16514
16515
16517
16518
16520
16521
16523
14600
3702
11487
16529
16530
16532
16533
16534
16560
16561
16563
16564
9684
16565
16566
16568
12839
16570
16571
16573
16574
16576
16577
16579
16580
16582
16583
16585
14634
16587
16588
16590
9530
16592
16593
16595
16596
16598
3911
16600
16601
16603
16604
16606
13183
13186
13192
13637
16607
16609
16610
16612
16613
16615
16616
16618
16619
16621
16622
16624
4182
10820
13491
16626
16627
16629
16630
16632
16633
16635
16636
16638
16639
16641
16642
16644
16645
7857
8936
11023
16646
16647
16649
16650
16652
16653
16655
16656
16658
16659
224
3800
12707
16661
16663
16664
16665
16667
16668
16669
16671
16672
16674
16675
16676
7667
16678
16680
16681
16683
16684
16686
16687
16689
16690
16691
16693
8159
15923
16694
16695
16697
16698
8876
9936
16352
16701
16702
16704
16705
16707
16708
16710
16711
16713
16714
5544
16715
16717
16718
16720
16722
16723
16724
8784
10703
16725
16727
16728
16730
16731
16733
16734
16736
16737
16739
2674
16740
16741
16743
16744
16746
16747
16749
16750
16752
16753
16755
16756
9423
16758
16759
4481
14515
16761
16762
16764
16765
16767
16768
16770
16771
16773
16774
16776
8873
3225
16778
16780
16781
16783
16784
6296
8418
16785
16787
6307
11614
16788
16789
16791
16792
16794
16795
16797
16798
16800
16801
16803
16804
16805
16807
16808
16810
5472
4455
16833
16835
16836
4531
16837
16839
6466
16840
16842
16843
894
8068
11875
12370
16846
16847
16849
16850
16852
16853
16855
16856
16858
16859
16861
16862
16864
16865
16867
16869
16870
10402
13247
13253
16435
16872
16874
16875
16877
16878
16880
16881
16883
16884
16886
16887
16890
16891
16892
16894
16896
6971
10162
16897
16899
16900
16902
16903
16905
16906
16908
16909
16911
16912
16914
14271
16916
16918
7397
16919
16920
16922
16923
16925
16926
16928
16929
16931
16932
4997
16934
16936
16937
7736
7739
7827
16938
16940
16947
16948
16950
16951
5662
11281
16953
16954
16956
16957
16959
50
10974
16013
16960
16962
16963
16965
16966
16968
16969
16971
16972
16975
16976
17007
17008
17010
12966
17011
17013
17014
17016
17017
17019
17020
17022
17023
17025
17026
17028
17029
17031
17032
17034
17035
17037
17038
17040
17041
17043
17044
17046
17047
17049
17050
17052
5210
5478
15655
17054
17055
17057
17058
17060
17061
17063
17064
17066
17067
17069
17070
17072
17073
16662
17078
17079
17081
17083
17084
17086
17087
17089
17090
743
746
7730
17091
17092
17094
9550
17095
17096
17098
17099
17101
17102
17104
17105
17107
17108
17110
17111
17113
17114
17116
17117
17119
17120
17122
17123
17125
17126
17128
17129
17131
17132
17134
17135
17138
17139
17141
17142
17144
17145
17147
12205
17148
17150
17151
17153
17155
17156
17158
17159
17161
17162
17164
17165
17167
17168
17170
17171
17173
17175
17176
17178
17179
15918
17180
17182
17183
17185
17186
17188
17189
17191
16527
17193
17194
17196
17197
17199
17200
17202
17203
17205
17206
15268
17207
17209
17210
17212
17213
17215
17216
17218
17219
17221
17222
17224
6546
7463
10977
17225
17226
17228
17229
17231
17232
17234
17235
17237
17238
17239
17240
17242
17243
17245
17246
17248
17249
17251
17252
17254
17255
17257
17258
17260
17261
17263
17264
17266
17267
17269
17271
17272
17274
17276
17277
17279
17280
9902
17283
17285
17286
10023
10924
17287
17288
17290
17291
17292
3169
17294
17296
17297
17299
17300
17302
17303
17304
17305
17307
13448
17320
17322
17323
17326
17328
17329
17330
17331
17334
17335
17337
17338
17340
17341
17343
17344
17346
17347
17349
17350
17352
17353
17355
17356
17358
17359
17361
17362
17364
17365
17367
17368
17370
17371
11903
15128
17373
17374
17376
5805
17313
17379
17381
17382
17384
17385
17387
17388
17390
17391
17393
17394
8695
17398
17400
17401
17403
17404
17406
17407
17409
17410
11033
17411
17412
17414
17415
17417
17418
17420
17421
17423
9791
17424
17425
17427
17428
17430
17431
17433
17434
17436
17437
4905
16748
17438
17439
17441
17442
17444
17445
17447
17448
17450
17451
17453
17454
17456
17457
17459
17460
17462
7180
12773
17463
17465
17466
17468
17469
17471
17472
17473
17474
17476
14280
10016
17477
15361
15637
3485
8392
12182
17481
17482
17484
17485
17487
17488
17489
15527
16952
17490
17492
17493
17495
17496
17498
17499
9959
17501
17503
17504
17506
17507
1829
1832
3426
17508
17509
17511
17512
17514
17515
17517
17518
17520
17521
17523
17524
17526
17527
17529
17530
6504
17533
5891
17535
17536
17538
17539
5676
9681
10878
17541
17542
17544
17545
17547
17548
17550
17551
17553
17554
17556
17557
17559
17562
17563
17565
17566
17568
17569
17093
17571
17573
17574
17576
17577
17579
17580
17582
17583
17585
17586
17588
17589
17606
17607
17609
17610
17612
11179
12297
15812
17613
17614
17616
17617
17619
15486
14153
17620
1773
15122
17623
17624
14926
17626
17627
17629
17630
17631
4231
6445
7760
17633
17635
17636
12319
17637
17639
17640
17642
13281
17644
17646
17647
17649
17650
17652
6994
6995
8396
8397
12801
17654
17655
17657
17658
17660
17661
17663
17664
17666
17667
17669
17670
17672
17673
17675
17676
17678
17679
17681
17682
17684
13362
16525
17685
17687
17688
566
9839
11485
17699
17701
17702
17704
17705
17707
17708
17710
17711
1912
2115
10233
15325
17712
17713
17715
17716
17718
17719
17721
17722
17724
17725
17727
9828
17728
17729
17732
17733
17735
17736
17738
17739
17741
8016
17742
17744
17745
17747
17748
17750
17751
8400
17753
17755
17756
17758
17759
17761
17762
17764
17765
17767
17768
17770
17771
17773
17774
17776
7787
17786
17787
17789
17790
5152
7442
17792
17794
17795
17797
17798
17800
17801
17803
17804
17806
17807
927
2844
17812
17813
17815
17816
17818
4554
17833
11718
17835
17836
17838
11950
17840
17841
17843
17844
8125
17847
17848
17850
17851
17853
17854
17855
14278
9478
17865
17866
17868
17869
17871
17872
17874
17875
17877
4493
17878
17880
17881
17883
17884
15593
17885
17887
17888
17890
17891
12535
17899
10248
13660
15551
17901
17902
17904
17905
17907
17908
17910
17912
17913
17915
17916
17925
1616
14424
17926
17928
17929
17931
4781
5227
5632
17936
17937
17939
17940
17942
17943
17945
17946
17948
17949
17951
17952
12854
17954
17956
17957
17958
1961
1967
16742
17961
17962
17964
17965
17967
17968
17970
17971
17973
17974
17976
17977
9048
17978
17980
17981
17983
17984
17986
17988
17989
17991
17992
17993
6301
17994
17995
17997
17998
18000
18001
7122
11277
18003
18005
18006
18008
18009
10500
18011
18012
18014
5103
18022
3645
18023
18024
9158
18026
13563
15671
18027
18029
18030
18032
18033
18035
18036
18038
18039
18041
18042
18044
18045
18047
18048
18050
18051
18053
18054
18056
18057
18059
12902
14226
16501
18060
18062
18063
18065
18066
18068
18069
18071
18073
18074
18076
18077
18079
2295
15819
17898
18080
18082
18083
18085
18086
18088
18089
10943
18091
18092
18094
18095
18097
18098
18099
18101
18102
18104
18105
18107
18108
18110
18111
18113
18114
11623
18116
18117
1218
18118
18119
18121
18122
18124
18125
18127
18128
18130
18131
18133
18134
18135
18137
17783
18146
18147
18149
18150
18152
18153
12291
18156
18157
3529
11211
16123
18159
18160
18162
18163
18165
18166
18168
18169
18171
18172
18174
18175
18177
18178
18180
18181
18183
18184
18186
2831
11208
18187
18188
18190
18191
18193
18194
18196
18197
18199
18200
18202
18203
9128
13622
14200
18206
18207
18208
18210
18211
18213
18214
18216
18225
18226
18228
7492
18229
18230
18232
18233
18235
18236
18238
18239
18241
18242
18244
18245
18247
18248
18250
18251
18253
18254
16486
18256
18258
18259
18261
18262
18263
12957
14185
18264
18265
18267
18268
18270
18271
18273
18275
18276
18278
18279
4116
18281
4590
13176
18282
18283
18285
18286
18288
18289
18291
18292
18294
18295
18297
18298
18300
18301
16709
18306
18307
18309
18310
18312
18313
17903
18314
18316
18317
18319
9498
18320
18321
18323
18324
11263
15457
18326
18327
18329
18330
18332
18333
18334
9951
9542
13950
18336
18338
18339
18341
18342
18344
18345
18347
18348
18350
18351
10912
15556
17048
18353
18354
18356
18357
18359
18360
18362
18363
18365
18366
7279
18367
18368
18369
4427
18372
18373
18375
18376
6242
10435
18378
18380
18381
18383
18384
18386
18387
2972
18388
18390
11897
13669
18392
18393
16333
18395
18396
18398
18399
18401
18402
18404
18405
18407
18408
18410
18411
18413
18414
11489
11492
18424
18425
18427
18428
18430
18431
18433
10219
18434
18435
18437
18438
1359
4343
16427
18440
18441
6068
16206
16238
18443
18444
18446
18447
18449
18450
16970
18453
18454
18456
18457
3614
4371
18459
9932
18460
18461
18463
18464
1271
7115
8247
9222
18465
18466
18468
18469
18471
4769
7656
18473
18511
18513
18514
18516
13780
9634
18518
18520
18521
18523
18524
18526
18527
18529
18530
18532
18533
18535
18536
18538
18539
18541
18542
18544
18545
18547
18548
18549
16823
18552
18553
18555
2391
4697
18556
18558
18560
18561
18563
18564
18572
18573
15915
18575
18576
18578
18579
18581
18582
18583
18585
18586
18588
18589
18591
18592
18593
18595
5559
13709
18599
18600
18602
18603
18605
18606
18608
18609
18611
18613
18614
14640
18087
18617
18618
18620
18621
9426
8065
9921
18630
18632
18633
18635
18636
18638
18639
9830
14739
18640
18642
18643
18645
18646
18648
18649
18651
18652
18654
18656
18657
18659
18660
18662
18663
18665
12414
17982
18666
18668
18669
18671
18672
18674
18675
18677
18678
18680
18681
18683
18684
18686
18687
18689
18690
18692
18693
18695
18696
6556
18303
18698
4122
11377
18707
18708
18710
18711
18713
18714
18716
18717
18719
18720
18722
18723
8324
8327
8533
10894
13677
13978
18726
18727
18729
18730
