13
14
15
16
18
19
20
21
23
24
25
26
33
34
35
36
38
39
40
41
43
44
45
46
48
49
50
51
53
54
55
56
58
63
64
65
68
69
70
71
6
7
73
74
75
76
78
79
80
82
84
85
86
87
89
90
91
92
94
95
96
97
99
100
101
102
112
113
114
117
119
120
121
122
127
128
30
130
131
134
136
28
137
138
140
141
142
143
145
146
147
148
155
156
157
158
81
165
109
168
169
170
171
1
2
5
61
72
103
176
177
179
180
181
182
184
185
186
187
189
190
191
192
194
195
196
197
167
199
201
202
203
204
206
207
208
209
211
212
213
214
216
217
218
219
221
222
223
224
226
227
228
229
231
232
233
234
240
241
242
243
245
246
247
248
250
251
252
253
255
256
257
258
260
261
262
263
265
266
267
268
271
272
273
274
276
277
278
279
280
281
283
284
285
286
288
289
290
93
291
292
293
294
297
299
300
301
303
304
306
307
309
310
312
313
320
321
200
323
325
326
47
59
178
342
343
344
308
319
347
348
349
350
352
353
354
355
357
358
359
360
362
363
364
365
367
368
369
370
372
373
374
311
377
32
88
188
386
387
389
390
391
392
394
395
396
397
400
401
402
403
405
407
408
409
411
413
414
415
417
420
421
426
436
388
424
441
442
443
445
398
447
448
449
451
452
453
455
479
480
481
482
484
485
366
487
488
489
490
492
493
210
494
496
497
498
499
501
502
503
504
506
507
508
509
511
512
513
514
516
517
518
519
521
500
523
524
526
527
528
529
534
535
536
537
139
538
83
296
539
541
542
543
544
546
547
378
549
551
552
553
554
9
327
562
564
565
566
567
569
570
571
572
574
575
576
577
579
580
581
582
584
585
586
587
589
590
591
592
594
595
596
597
599
8
10
105
600
601
602
604
605
607
608
610
611
612
613
385
615
616
617
618
621
622
623
345
624
625
626
627
238
356
632
633
634
636
637
639
640
642
643
644
645
647
648
649
650
652
653
654
655
657
658
659
660
230
662
663
664
666
667
668
669
671
672
673
674
676
677
678
679
681
682
193
683
685
686
351
432
687
688
689
690
692
693
694
695
697
698
699
700
702
703
704
705
707
708
709
710
712
713
714
715
717
718
98
545
719
720
721
722
724
725
726
727
730
731
732
733
735
483
736
737
739
740
741
744
745
746
747
752
753
346
754
755
756
757
758
760
750
762
764
765
766
767
768
770
771
772
773
775
776
777
778
780
781
782
783
785
786
787
789
791
792
793
794
795
797
798
799
800
802
803
804
805
807
808
809
810
812
813
814
815
817
818
819
821
27
108
823
824
825
826
828
829
830
17
831
832
833
835
836
837
838
840
841
842
843
845
846
847
848
849
852
853
857
858
862
865
867
872
873
874
878
879
881
882
884
183
887
889
891
892
896
897
899
900
902
907
908
916
918
919
922
923
933
934
132
936
937
938
198
939
940
942
943
944
947
950
951
952
956
957
959
960
961
962
964
965
966
967
969
970
971
972
974
975
976
977
978
979
984
985
986
987
989
990
991
992
996
997
998
999
1001
1002
1003
784
1004
1005
1006
1008
1009
1010
1013
1016
1017
1018
1019
1021
1022
1023
1024
1026
1028
1029
1030
1032
1033
1034
1035
1037
1038
1040
1041
1043
1044
1045
1046
1048
1052
1060
1061
1063
1064
1066
1068
1070
4
376
1071
249
1072
1073
1074
1076
1077
1078
1079
1080
1083
1088
1094
1095
1096
1097
1098
1099
1101
1102
1103
1104
1105
1107
324
1109
1110
1111
1112
1121
1122
1123
1124
1126
1127
1128
1129
1137
37
1150
1087
1153
1154
1156
1157
1158
1159
1161
1162
1163
1165
1168
1170
1171
1172
1176
1177
1178
1179
1182
1183
1184
1185
1187
1188
1189
1190
1192
1193
1194
1197
1199
1200
1201
1202
635
850
1205
1206
1207
412
1209
1210
1211
1212
1214
1215
1216
275
159
1219
1220
1221
1222
706
1084
1085
1223
1224
1226
1227
1228
1229
1231
1232
1233
1234
1236
1237
1238
1239
1242
1243
1244
1245
1246
1247
1249
1250
1251
1252
1208
1264
1265
1266
1268
1272
1273
1274
1280
1285
1286
1287
1288
1291
1293
1294
1295
1296
1298
1299
1300
1301
1303
1304
1305
1306
1308
1309
1310
1311
1313
1314
1315
1316
1318
1319
1320
1321
22
67
855
1323
1326
1327
1328
1329
1330
1331
1333
1334
1336
1337
1338
1339
1344
1345
1346
1347
1351
1352
1354
1355
1356
1357
1358
1360
1365
1366
1372
1373
1374
665
1297
1375
1376
1377
1379
1380
1381
1382
1384
1385
1386
1387
1389
1392
1393
1394
1396
1397
1430
1432
1433
1435
1436
1437
1438
1441
1442
1443
1445
1446
1459
1460
1462
1463
1464
1465
1466
1467
1468
1473
1474
1475
1477
1478
1480
1481
1483
1487
839
1490
1491
1492
1493
287
955
1081
1494
1495
1498
1500
1503
1504
1505
1506
1508
384
1531
123
1535
1536
1539
1540
1541
1543
1544
1545
1546
530
1548
1549
1550
1551
1553
1554
1555
1556
1559
1578
1579
1580
1581
1583
1584
1585
1586
1588
1589
1590
1591
1302
1593
1596
1597
1598
1601
1602
1605
1606
259
1608
1609
1613
1614
1615
1617
1618
1619
1620
1622
1623
1624
1625
406
1627
1629
1630
1631
1633
1634
1636
1637
1639
1641
1642
1644
1645
1646
1647
1649
1650
1651
1652
1654
1655
1656
1657
1659
1660
1661
1662
1664
1665
1666
1667
1669
1670
1671
1672
1674
1675
1676
1677
1679
1533
1538
1680
1681
1532
1683
1684
1685
1691
1693
1694
1698
1700
1701
1703
1704
1706
1707
1710
1711
1713
1714
1715
1716
1718
1719
1720
1721
1723
1724
1726
1727
1728
1731
1732
1733
1734
1735
42
1488
1739
1741
1742
1743
1744
1749
1750
1751
1752
1759
1761
1765
1766
1767
1768
1770
1772
1773
1774
1775
1779
1780
1781
1788
1797
1798
1799
1800
1801
1808
1809
1812
1818
1823
1824
1825
1826
1828
1829
1830
1831
619
742
743
1267
1278
1682
1842
1843
1844
935
1534
1846
1754
1848
1849
1851
1854
1857
1858
1859
1862
1863
1864
1865
1866
1867
1869
1870
1871
1872
1873
1874
1876
1881
1882
1883
1885
1886
1887
1888
1889
1891
1892
1893
1894
1897
1898
1899
1900
1902
1903
1904
1905
1908
1909
1910
1912
1926
1927
1928
1930
1931
1932
1934
1936
1937
1938
1939
1943
1945
1946
1947
1948
31
1949
1950
1951
1954
1955
1956
1957
1958
1959
1960
1961
1368
1964
124
1952
1966
1967
1968
1969
1971
1972
1973
1974
1976
1977
1978
1979
1981
1982
1983
1984
540
1986
1988
1989
1447
1530
1990
1994
1997
1999
1353
2003
2004
2005
2007
2008
2009
2010
2012
2013
2021
2027
2028
2029
2031
2032
2033
2034
2036
2037
2038
2039
2041
2042
2046
2047
2049
2050
2051
2052
1987
2054
2055
2056
2057
2058
2060
2061
2062
2063
2065
2069
2070
1269
1322
2072
2075
2076
2078
2079
2081
2083
2084
2086
1279
2088
2089
2090
2091
2093
2094
2095
2097
2098
2099
2100
2101
2102
2104
2105
2107
2108
2109
104
1089
2110
2111
2112
2113
2115
2116
2117
2118
2120
2121
2122
2123
2125
2126
2127
2128
2130
2131
2132
2136
2137
2138
2140
2141
2142
2143
2145
2146
2147
2148
2150
2151
2152
2153
2155
2156
2157
2158
2160
2161
2162
2163
2165
2166
2167
2168
2170
2171
2172
2174
2175
2176
2177
2179
2180
2181
2182
2184
2185
2186
2187
3
393
2191
2193
2194
2195
2196
2198
2199
2200
2201
2203
2204
2205
2206
2208
2209
2210
1359
2211
2212
2213
2214
2216
2217
2218
2219
164
315
410
670
774
2220
2221
2222
2223
2225
2226
2227
2228
2230
2064
2207
2231
2232
2233
2235
2236
2237
2238
2240
2241
2242
2243
2245
2246
2247
2252
2253
2254
844
2257
2258
2259
2260
2262
2263
2265
2266
2268
2269
2270
2271
568
588
2183
2273
2275
2277
557
701
2279
2280
2281
2282
2283
2285
2286
2287
2288
2290
2291
2292
2293
2295
2296
2297
2298
2300
2301
2302
2303
2305
2306
2307
2308
2310
2311
2312
2313
2315
62
1455
2334
2335
2343
2344
399
2346
2347
2349
2350
2351
2352
2355
2356
2357
2363
2366
2367
2368
2370
1426
1911
2371
2372
2373
2375
2376
2377
2378
2393
2395
2396
2385
2399
2400
2403
2404
2405
2412
2413
2414
2416
2417
2419
2420
2421
2422
2424
2426
2427
2428
2434
2435
2436
2437
2438
2439
2444
2449
2450
2451
2453
2454
144
505
2457
2458
330
2459
2460
2461
2462
2463
2464
2465
2466
1753
2394
2471
2472
2474
2475
2476
2477
2480
2481
2483
2485
2493
2494
2500
2502
2503
2504
2505
2507
2508
2509
2510
1569
2511
2512
2513
2515
2516
2517
2518
2276
2521
1738
1796
1835
2522
2523
2524
2525
2528
2529
2530
2533
2536
2537
2538
2539
2540
2541
2543
2544
2545
2546
2548
2549
2550
2551
2553
2554
2555
2557
2559
2333
2563
1790
2374
2568
2569
2571
2572
2578
2579
2581
2583
2584
2585
2587
2588
2589
2244
2590
2591
2593
2594
2595
2597
2599
2600
2605
2606
2607
2239
2609
2610
2612
2613
2614
2615
2616
2617
2619
2620
2621
2622
2623
2625
2626
2272
2627
2628
1284
1091
1776
2636
2637
2639
2640
2641
2642
2653
2654
2655
2656
2660
2661
2662
2663
2665
2667
2668
2669
2671
2673
2674
2675
2678
2684
2688
2689
2690
2693
2694
2695
2696
2697
723
2520
2699
2700
2702
2703
2704
2705
2707
2708
2709
2710
2712
2713
2714
2715
2717
2718
2719
2720
2723
2724
2726
2727
2728
2733
2736
2737
2739
2740
2742
2747
2751
2752
2753
2754
2757
2758
2759
2760
2764
2765
2766
2767
2769
2770
2772
2773
2775
2777
2779
2780
2781
2786
2787
2788
2789
2791
2792
2794
2798
1970
2103
2804
2805
2806
2807
2809
2810
2811
2814
2816
2817
2818
2820
2821
2822
2824
2829
2831
2832
2833
2840
215
1218
1582
2845
2846
2847
2848
2850
2851
2852
2853
2855
2856
2857
2858
2861
2862
2863
2865
2866
2345
2873
2877
2878
2879
2880
2882
2883
2884
801
2885
2886
2887
2888
2890
2891
2892
329
335
2495
2893
2894
2895
2896
2898
2899
2900
2901
2903
2904
2905
2906
2908
2909
2910
2911
2913
2914
2915
2916
2918
2919
2920
2921
2923
2924
2925
2926
2928
2929
2930
2931
2933
2934
2936
2937
2938
2940
2941
2946
2947
2953
2960
2961
2963
2964
2965
2967
2968
2972
2974
2975
2976
2977
2979
2980
2981
2982
2983
2692
2985
2986
2398
2994
2996
2997
2998
2999
3001
1880
3002
3003
3004
3006
3007
3008
3009
3011
3012
3013
3014
3016
3017
3018
3019
3021
3022
3023
3024
3025
3027
3028
3029
3030
3032
3034
3035
3036
3038
3039
3040
1469
3045
3047
3048
3049
3050
3051
603
1255
2487
3052
3053
3055
3056
3057
3058
3060
3062
3063
3064
3066
3067
3068
3069
3070
3072
3074
1995
3075
3076
3077
3078
3079
3081
3082
3083
3084
3086
3088
3089
3090
3106
3107
3108
3109
3111
3113
3114
3120
3061
3121
3130
3131
3132
3123
3124
3133
3135
3136
3137
3138
3140
3141
3142
3143
3145
3146
3153
3158
3159
3160
3162
3163
3171
3172
3173
3174
3176
3177
3178
3179
3181
3182
3183
3184
3186
3187
3188
1181
3189
3190
3195
3196
3197
3198
3201
3202
761
2215
3204
3206
3209
641
1086
1771
3211
3212
3213
3214
3216
3217
3218
3219
3221
3224
3225
1362
1363
3230
3231
3232
3233
3234
3236
3237
3238
3240
1395
3241
3242
1845
3243
3244
3245
3246
3248
3249
3250
2670
3252
3253
3254
3256
3257
3258
3259
3260
3261
3262
3264
3268
3269
3271
3273
3274
3277
2469
3279
3280
3281
3282
3284
3285
3286
3287
3289
3290
3291
3292
3294
3295
3296
3297
3299
3300
3301
3302
3303
3305
3306
3307
3308
3310
3312
3313
3314
3316
3317
3318
3319
3321
3324
3325
3326
3328
3329
3330
3331
3333
3334
3340
3355
3359
3360
3361
3363
3364
3365
3366
3368
3369
3371
3372
3377
3378
3379
3381
3382
3384
3385
3388
3389
3391
3392
1632
2278
2868
3393
3394
3395
3396
3398
3399
3400
3401
3403
3404
3405
3406
3408
3409
3410
3411
3413
3414
3415
3416
3418
3419
1100
3215
3420
3421
3422
3424
3425
3426
3427
3429
3430
3431
3433
3435
3436
3437
3438
3440
3441
3442
3443
3445
3449
3450
3452
3453
2025
3455
3456
3457
3458
3460
3461
3462
3463
3465
3466
3467
3468
3470
3471
3472
3473
3475
3476
3477
3478
3481
3482
3483
3484
2006
3487
3493
3495
3496
2190
3500
3503
738
2096
3343
3508
3509
1458
3511
3512
3514
3515
3516
3517
3519
3520
3521
3523
1890
2796
3524
3525
2645
3530
3531
3533
1423
1722
2785
3534
3535
3536
3538
3539
3540
3541
3543
3544
3545
3546
3548
3549
3550
3551
3553
3554
3555
3556
3558
3559
3560
160
3561
3562
3564
371
3568
3572
3573
3574
3576
302
3577
3580
3581
3582
2068
3588
3589
66
1512
2944
3591
3592
3593
3594
3596
3597
2011
3600
3601
3603
3604
3606
3607
3608
3609
3611
3612
3613
3614
3617
3618
3620
3621
3623
3624
3627
3632
3633
3634
3635
3637
3638
3639
3640
3642
3643
3644
3645
3647
3648
3649
3650
3651
3652
3654
3655
3656
3657
3659
3660
3661
3662
3664
3665
3666
3667
3669
3670
3671
3672
827
3673
3674
3675
3678
3679
3680
3682
3683
3684
3685
3686
3687
3688
3689
3691
3693
3694
3696
3697
3699
1482
2087
2092
3510
3700
3702
3703
3704
3705
3707
609
1422
3709
3710
3711
3712
3715
3717
3718
3720
3723
3724
3725
3729
3731
1635
1783
3479
3732
3734
3735
3736
3737
3739
3740
3741
3742
3744
3745
3746
3748
3750
3751
3755
3762
1136
3768
3769
3770
3773
3774
3775
3778
3781
3782
3784
3786
3787
3788
3792
3794
3795
3796
1542
3797
3799
3800
3801
3802
3804
3805
3806
3807
3809
3810
3811
3812
3816
3579
3817
3818
2411
2691
3821
3822
3823
3824
3826
3827
3599
3829
3830
3831
3832
3834
3835
3836
3837
3839
3840
3841
3842
3844
3845
3846
3848
3849
3850
3852
3854
3855
3857
3858
3862
3863
3864
3865
3866
2430
3605
3868
3870
3871
3873
3874
3876
3877
3878
3879
3881
3882
3884
3885
3886
3887
3889
3890
3891
3892
3894
3895
3896
3897
3899
3900
3901
3902
3903
3905
3906
3907
3908
3910
3911
3912
3913
3915
3916
3917
3918
3920
3922
728
3924
3925
3926
3928
3929
3930
3931
3933
3936
3937
3938
3940
3941
3943
3944
3946
3947
3948
3949
3951
3952
3954
3958
3959
3961
3962
3963
3964
3966
3967
3968
3969
3977
3978
3979
3981
3983
3984
3985
3986
3993
3995
3996
3999
4008
3970
4010
4011
4012
4013
4016
4017
4018
4019
4022
4023
4024
4026
4027
4033
4035
2381
4037
4038
4039
4040
430
1737
3507
4041
4043
4044
4045
4046
4048
4049
4050
4051
1640
2479
4052
4053
2014
4054
4056
980
993
3586
4057
4058
4059
4061
4062
4063
4064
4066
4067
4068
4069
4071
4072
4073
4074
4076
4077
4079
4080
4084
4085
4086
4088
4089
2067
4090
4091
4092
4093
4096
4097
4098
4099
4101
4102
4103
4105
116
4109
4110
4111
4112
4114
2489
4116
4117
4118
4119
4120
4122
4123
4124
4125
4127
4128
4129
4130
2784
4132
4134
4135
4136
4137
4139
4140
4141
4142
4144
4145
4146
4147
4149
4150
4151
4152
4154
4155
4156
4157
2687
4159
4160
4162
4163
4164
4165
4166
4167
4168
4209
1933
12
4214
4215
4216
4217
4218
4220
4221
4222
4223
1039
1836
4224
4226
4227
4228
4229
4230
4231
4233
3375
4235
4236
4237
4240
4241
4242
4243
4246
4247
4248
4249
4251
4252
4253
4254
4256
4257
4258
4259
4261
4262
4263
4264
4266
4267
4268
4269
4271
4272
4273
4274
4276
4277
4279
4280
4281
4283
4284
4285
4287
4288
4289
4291
4292
4294
4296
4297
4298
4299
1638
4300
4303
4307
4308
4311
4312
4313
4315
4316
4317
4319
4320
4321
4322
4326
4327
4328
4329
4332
4333
4334
4335
4337
4338
4339
661
2734
4081
4341
4342
4343
4345
4346
4347
4348
4350
4351
4352
4354
4357
4358
4359
4361
4362
4363
4364
4366
651
4370
4371
4372
4373
4374
4376
4377
4378
4379
4381
4382
734
769
4386
4387
4388
1847
4391
4392
4393
4396
4397
4407
4408
4410
2604
4301
4412
4413
4414
4415
4417
4418
4421
4422
4365
4426
4427
4428
1434
2044
4340
4429
4431
4432
4433
1125
4435
4436
4438
1658
4449
4450
4452
4454
4455
4456
4457
4459
4460
4461
4462
4464
4465
4467
4469
4470
4471
4473
4474
4488
4489
4491
4492
4493
4494
4497
4499
4501
4502
4503
4504
4505
115
4507
4508
4511
4512
4513
4514
4516
4517
4518
4519
4521
4523
4524
4525
4529
2197
3270
4530
4531
4532
1263
4540
4541
4542
4545
4546
4549
4551
4552
4554
4557
4558
4559
4560
4562
4563
4564
4565
4568
4569
4570
4572
4573
4574
4575
4577
4578
4579
4580
4582
3955
4583
4584
4585
4587
4588
4589
4590
4593
4594
4595
4596
4599
4600
2608
4601
4602
4603
4604
4606
4607
4608
4609
1486
2534
4613
4615
4616
4617
4618
4620
4621
1414
1416
3080
3115
4622
4623
4625
4626
4627
4628
4630
4631
4632
4633
4635
4636
4637
4638
4640
4641
4642
4643
4646
4647
4648
4649
4651
4653
4654
4656
4658
4659
2053
4668
4669
4670
4671
4672
4673
4675
4676
4678
4679
4680
4684
4711
4712
4714
4715
4717
4718
2638
4721
4722
4723
4725
4729
4730
4731
4733
4735
4736
4738
4739
4741
29
305
1364
4742
4743
4745
1850
2407
3275
4747
4748
4750
4752
4754
4756
4758
4759
4763
4764
4766
4767
4768
4770
4771
4772
4773
4775
4777
4778
4779
4782
4783
4784
4788
4789
4790
4791
4794
4795
4796
4797
4798
4800
4801
4802
1421
2189
4083
4803
4805
4806
4807
4808
4810
4811
4815
1965
4816
4823
4824
4825
4826
4829
4830
2154
4831
4835
4836
4837
4841
4842
4843
4844
4845
1204
4847
2843
4282
4846
4849
4852
4855
4856
4857
4858
4860
2380
2580
4861
4862
4863
4864
4866
4868
4869
4870
4872
4873
4874
4875
4878
4880
4882
4883
4884
4886
4887
4890
4894
4895
4896
4899
4901
4902
4904
4905
4906
2360
4533
4908
4909
4910
4916
4917
4918
4919
628
696
2575
3779
4921
4922
4923
4924
4926
4927
4928
4929
4931
4932
4933
4934
4935
4936
4939
4940
1195
4941
4942
1833
1834
4943
4944
4945
4946
4948
4949
4950
4951
4952
4954
4955
4956
2651
3323
4957
4958
4960
4961
4962
4963
4965
4966
4967
4968
4970
3825
4971
4972
4973
4976
4977
4978
3315
4885
4980
4981
4983
4984
4985
4986
4988
4989
4990
4991
4994
4996
4998
4999
5001
5003
5005
5006
5007
5008
3283
5009
5011
5012
5013
5014
5016
5017
5018
5019
5021
5025
5026
5027
5029
5030
5031
5032
3347
5033
5034
5035
5038
5039
5040
5042
5044
5045
5048
5049
5050
5052
5054
5055
5056
5057
5059
5060
5061
3397
4087
5063
5064
5066
5067
5068
5069
3814
5072
5074
5075
5076
5077
5079
5081
5082
5084
5086
5090
5093
5095
5098
5099
5100
5101
3015
5102
5103
5104
5106
5108
5109
5111
5113
5129
5130
5133
2762
5134
5135
5136
5137
5139
5140
5141
5142
5144
5145
5146
5147
5149
5150
5151
5152
5155
5156
5157
5158
5160
5161
5162
5163
5165
5166
5167
5168
5170
5171
5173
5174
5175
5176
5178
5179
5180
5182
5184
5185
5186
5187
5190
5193
5195
5196
5197
5199
5210
5217
5219
5221
5222
5223
5225
5226
5227
5228
5230
5231
5232
5233
5235
5236
5237
5238
5239
5242
5243
5244
5245
5247
5248
5249
446
5251
5252
5254
5255
5256
235
711
1025
1031
1042
1090
5258
5259
5264
5266
5267
5268
5270
5271
5272
5273
5275
5276
5277
5278
5280
5281
5282
5283
5285
2229
5286
5288
5290
5291
5292
5293
486
5294
5296
5297
5298
5299
5301
5302
5303
5304
5306
5307
5308
5309
5311
5312
5313
5314
5315
4897
5316
5318
5319
5320
5321
5323
5324
5325
5326
5327
5328
5329
5330
5332
5356
5357
5358
5359
5361
5362
5363
5364
5366
5367
5368
5370
5371
5372
5373
5375
5376
5377
5378
5380
5381
5382
5383
5385
5386
5387
5388
5390
5391
5392
5393
5395
5396
5397
5398
5400
5402
5403
5404
5408
5410
5412
5413
5418
5419
1317
5425
5426
5427
5428
5430
5431
5432
5433
5435
5436
5437
5438
5453
5454
5455
5456
5458
5459
5460
5461
2386
5463
5464
5465
5467
5468
5469
5470
5472
5473
5474
5475
5477
5478
5479
5480
5482
5483
5484
5485
5487
5489
5490
5491
5493
5495
5497
5498
5501
5502
5503
5504
5506
5507
5508
5509
5512
5513
5514
5518
381
5520
5521
5522
5523
5525
5527
5528
5529
5530
5532
5533
5534
5535
5536
5537
5538
5540
5541
5542
5543
5545
5546
5547
5548
5550
5551
5552
5553
5555
5556
5557
631
5558
5559
5608
5610
5611
5612
3934
5614
5615
5616
5618
5619
5620
5621
5622
5623
5625
5626
5627
5628
5630
5631
5632
5633
5634
5636
5637
5638
5640
5641
5642
5643
5645
5647
5651
5652
5653
5654
5656
5657
5658
5659
5661
5662
5663
5664
5668
5669
5670
3235
4239
5674
5675
5676
5678
5679
5682
5683
5684
5699
5700
5701
5702
5703
5706
5707
5708
5709
5711
5712
5714
5715
5716
5717
5720
5721
5722
5723
5726
1290
5731
5732
5733
5735
5738
5739
5740
5742
5745
5746
5747
5748
5750
5751
5753
5755
5756
5757
5758
5759
5760
5762
5764
5765
5766
5768
5769
614
1527
3097
5770
5772
5773
5776
5778
5779
5780
5787
5792
380
5795
5796
5797
5798
5800
5802
5803
5804
5808
5810
5811
5812
5813
5815
5816
5818
5819
5821
5824
5827
5828
5830
5831
5407
5832
5834
5835
5837
5838
5841
5843
3126
5847
5849
5850
5851
5852
5853
5854
5860
5863
5864
5865
5866
2808
5873
5874
5875
5877
5878
5879
5880
5882
5883
5884
5885
5886
5887
5888
5890
5891
5893
5896
5898
5900
5901
5902
5903
5905
5906
5907
5908
2644
5791
5909
5911
5912
5913
5914
5916
5917
5918
5919
5921
5923
3950
5925
5926
5927
5928
5931
5932
5933
5934
5937
5938
5939
5940
5942
749
5948
5950
5951
5969
5971
5973
5974
2348
5984
5985
5986
5987
5989
5990
5991
5992
5994
5995
3265
3701
5814
5997
5999
6000
6003
6006
816
6007
6008
6009
6011
6012
6013
6014
6015
6016
6018
6019
6020
6021
6022
6031
6032
6033
6036
6037
6038
6040
6041
6042
6043
6045
6046
6047
6048
6050
6051
6052
6053
6054
6056
6057
6058
6059
6061
6062
6063
6064
6066
6067
6068
6069
6071
6072
6073
6074
6076
6077
6078
6079
6081
6082
4179
4851
6083
6085
6086
6088
6089
6092
6093
6094
6102
6103
6104
6105
6106
6108
6109
6110
6111
6113
6114
6115
172
2043
3205
4727
6116
6117
6118
6119
6121
6122
6123
6124
6126
6127
6128
6129
6131
6132
6133
6134
6136
6137
6138
6139
6140
6141
6142
6143
6144
6145
6146
6147
6148
6153
6155
6156
6157
6158
6160
3585
6161
5112
6162
6164
6165
6166
6167
6169
1198
6170
6172
1472
6174
6175
6176
6177
6179
6180
6181
6182
6184
6187
6188
6190
6192
6193
6196
6197
6200
6201
6202
6203
6205
6206
6207
6209
6211
6212
870
1616
5422
5786
6214
6215
6216
6220
684
6224
6225
6228
6229
6230
6231
6233
6234
6235
6236
6238
3228
3706
6239
6241
6243
6244
6247
6249
6251
2958
6253
2793
6255
3335
3726
6256
6257
6259
6261
6263
6264
6266
6268
422
6273
6274
6277
6278
6279
6280
6283
6284
6285
5560
6286
6287
6289
6290
6291
6292
6293
6294
6296
6297
6298
6299
6301
6309
6311
6312
6313
6314
6316
6318
6319
6320
6323
5687
6327
6332
6335
6336
6337
6339
2000
318
3332
3595
6341
6342
6344
6345
6346
6347
6349
6350
6351
6352
6354
6355
6356
6357
6359
6360
6361
6362
6364
6365
6366
6368
6370
6371
6373
533
1160
4889
6375
6376
6377
6379
6384
6385
4158
6387
6388
6389
6390
6392
6393
6394
6395
6397
6398
6399
6400
6402
6403
6404
6405
6407
6408
6409
6410
6340
6411
6413
4848
6414
6415
6417
6418
6419
6420
6422
6423
6424
6425
1106
3982
6427
6428
6431
6432
6439
6441
6444
6445
6446
6448
6449
5667
6466
6467
6469
6470
6471
6472
6474
6475
6476
6478
6481
3972
4665
5845
6482
6484
6485
6486
6487
6489
6492
6496
6497
6499
6500
6501
6502
6504
6505
6509
4466
6515
6516
6517
6518
6519
6540
6541
6545
6546
6552
6553
4430
6555
6556
6557
6558
2836
4792
6383
6560
6561
6562
6564
6565
6566
6567
6569
6570
6571
6573
6575
6576
6577
6578
6580
6581
6582
6583
6584
6587
6589
6591
6592
6594
6595
6596
6598
6600
6601
6602
6603
6604
6605
5977
6607
6610
6615
6617
6618
6619
6620
6621
1975
4208
6623
6625
6626
6627
5194
5213
6628
6629
6630
6631
6633
6634
6635
6636
6638
6639
6640
6641
1348
6304
6645
6646
6648
4161
6652
6654
6655
6656
6657
6659
6660
6661
6662
6664
6665
6666
6667
6669
6670
6671
6672
6674
6675
6676
6678
6682
6683
6684
6685
6686
6687
6688
6690
6691
6692
6694
6695
6698
6700
6701
6702
6703
6704
6706
6709
6711
6712
4113
5126
6713
6714
6716
6720
6721
6723
6724
6725
6726
6727
6728
6729
6731
6732
6733
6734
6736
6737
6738
6740
6742
6743
6744
1673
6746
6747
6748
6750
6751
6752
6753
6755
6756
6757
6758
6759
6760
6761
6762
6763
6764
6766
6767
6768
6769
6771
6772
6773
6775
6777
6778
6779
6780
6782
6783
6784
6786
6787
6789
6790
6791
6792
1424
1560
4915
5083
5094
6795
6796
6797
6798
6800
6801
6802
6803
6805
6806
6807
6808
6810
6811
6812
6813
6816
6817
6818
6819
3073
6820
6821
4854
6825
6826
6827
6828
6830
6831
6832
6833
6835
6836
6837
6839
4605
4755
6840
6841
6843
6844
6845
6846
6848
6849
6850
6851
6853
6854
6855
6857
6858
6859
6861
6862
6863
6864
6866
6867
6868
6870
6873
6874
6875
6876
6882
6884
6886
6894
6896
6899
6900
6901
6907
6910
6913
6914
6917
6918
6925
6926
6927
3698
6931
6932
6933
6934
6936
6937
6938
6939
6940
6942
6650
6946
6948
6949
6951
6954
6955
2943
6957
6958
5894
6959
6960
6961
6965
6967
6968
6969
6970
6972
6973
6974
6975
6976
6979
6982
6983
1418
3590
6986
6988
6989
6991
6993
6994
6995
1431
3542
6997
6998
6999
7000
7002
7003
7004
7005
7007
7008
7009
7010
7012
7013
7014
7015
7017
7018
7019
7020
7021
7022
7024
7031
7032
7033
3532
4270
6168
7034
7036
7037
7038
7039
7041
7042
7043
7044
4487
5801
7048
7051
7052
7053
7058
7059
7060
7061
7069
885
7070
2990
7072
7073
7074
7075
7077
7078
7079
7080
7081
7082
7083
7085
2664
6450
6741
7086
7087
7089
7090
7091
7092
7094
7095
7096
7097
7098
6295
7100
7102
3869
7103
7104
7105
7106
7108
7109
7110
7111
7113
7114
7116
7117
7119
7121
7122
7123
811
1513
7124
7125
7126
7129
7130
7131
7132
2467
2666
7135
7136
7137
7138
7140
7141
7142
7143
7145
7146
7149
7150
7152
7153
7154
7155
7156
7158
7160
7162
7178
7179
7181
7184
5960
7188
7189
7191
7192
7193
7194
7196
7197
7198
7199
7201
7202
7203
7204
7206
7208
7209
7210
7213
7214
7215
7224
7226
7227
7231
7236
4344
7238
7239
7240
7241
7243
7244
7245
2425
3166
7249
7250
7251
7253
7254
7255
7256
7258
7259
7260
7261
7264
7265
7266
7267
7269
7270
7271
7272
7275
7276
7277
7278
7280
7281
7282
7283
7286
7288
7289
7290
7291
7293
7294
1745
7296
5976
7297
7300
7304
7305
7306
7307
7309
7310
2077
6223
7312
7313
7315
7316
7317
7318
7320
7321
7322
7323
7325
7326
7327
7328
7330
7331
7332
7333
7334
7335
7337
7338
7339
7340
7342
7343
7345
7346
7350
7352
7360
7378
7379
7380
7381
3867
7383
7385
7386
7387
7388
7390
7391
7392
7393
7396
2106
7397
7400
5982
1235
7408
7410
7411
7412
7413
7415
7416
7417
7418
7420
7421
7422
7423
7425
7426
7427
7428
7430
7431
7432
7433
7435
7436
7437
7439
7440
7441
7442
7443
7445
7446
7447
7448
7450
7451
7452
7453
7455
7456
7457
7458
7460
7462
7463
7464
7465
7466
7467
7470
7477
7482
7483
7484
7485
7487
7489
7490
7491
7493
7494
7495
7496
7499
7500
7501
7502
7505
7506
7507
7508
7510
7512
7513
7514
7516
7518
7519
7520
7524
7525
7526
854
7529
7530
2978
6981
7531
7532
7534
7537
7538
7542
2658
7549
7550
7551
7552
7554
7555
7556
7557
7560
7561
7562
7563
7567
7568
7569
7570
7572
7573
7574
7576
7578
7579
7580
7584
7585
7587
7589
7590
7593
6480
7595
7596
7597
7599
7600
7601
7602
7604
7605
7606
7607
7609
7610
7612
1484
7614
7615
7616
2066
5338
5736
7618
7619
7620
7621
7623
7624
7625
7626
7628
7629
7630
7631
7633
7636
7637
7638
7640
7641
7642
7644
7645
7646
7647
7648
7649
7651
7652
7653
7655
7657
6091
7659
7660
7664
7665
7666
7667
7669
1817
5713
7672
7673
7676
7677
7679
7680
7681
7682
7684
7686
7687
7689
7692
7693
7694
7695
7702
7705
7708
7720
7721
7722
7724
7729
7733
7734
7735
7736
7738
7739
7740
2274
2531
3998
7745
7746
7747
7748
7749
7751
7752
7755
7757
7759
7760
7761
7762
7764
7765
7766
7767
7750
7769
7770
7772
7773
7774
7775
5889
4356
7777
7780
7781
7782
2384
7797
7800
7801
7803
7804
2566
7805
7806
7807
6028
7809
7810
7811
7812
7814
7815
7816
7817
7819
7820
7821
7822
7824
7825
7826
7827
7829
7830
7831
7832
7834
7835
7836
7837
7839
7840
7841
7842
7844
7845
7846
7847
7849
7850
7852
7853
7855
3932
7857
3499
5524
7862
7863
7864
7865
6369
7869
7870
7871
7874
1962
7878
4760
7879
7881
7882
7883
7884
7886
7887
7888
2729
7895
7896
7897
7898
7900
7901
7904
7905
7907
7908
7909
7911
7913
7914
7915
7916
7918
7920
7921
7928
7937
7938
7939
7940
7941
7942
7943
7944
7952
7953
7954
7955
7957
7958
7959
7960
7962
7963
7964
7965
7967
7968
7969
7972
7974
7975
7976
7979
7986
7987
7989
7990
7991
7992
6026
7040
7995
7997
7998
7999
8000
8002
8003
8004
8005
8007
8008
8010
8012
1457
4509
8013
2577
8015
8016
8017
8019
8020
8021
8022
8024
8025
8026
8027
4506
5583
5790
8030
2415
8032
8033
4629
8038
8043
8045
8047
8048
8049
8051
3676
4612
8052
8053
8055
8056
8057
8058
8060
8061
8062
982
8065
8067
8068
8070
8073
8074
8087
2224
5322
8088
8089
8090
8093
8094
8095
8096
8098
8099
2139
5694
2969
6642
8110
8111
8113
8114
8115
8118
8121
8122
8123
8124
8141
5389
8158
8159
8160
8161
8191
8192
8194
8196
8200
8202
8203
8204
8206
8207
8208
8209
8210
8213
8214
8215
8216
8218
8219
8231
8232
8233
822
8234
8236
8237
8238
8239
8242
8253
6049
8257
8258
8259
8260
8261
8263
8264
8265
8266
8268
8269
8270
8271
8272
4611
7582
8274
8275
8276
8277
8279
8280
8281
8282
8284
8285
8286
8287
8289
8290
8291
8292
8294
8295
8296
8297
8298
8300
8302
8303
8304
8305
8307
8308
8309
8310
8312
8313
8314
8315
8317
8318
8319
8320
8323
7741
8326
8331
8333
8334
8335
11
5211
8336
8338
8339
8340
8341
8343
8344
8345
8361
8362
8363
8367
8369
8372
8375
8376
8378
8379
8380
8381
8383
8384
8385
8386
8388
8389
8390
8391
8392
8394
8395
8396
8397
8398
8400
8401
8402
8403
8405
8406
4969
5218
8408
8409
8410
8411
8413
8414
8415
8420
8422
8423
8429
8430
7071
8431
8433
8434
8435
8436
8438
8439
8440
8441
8443
8444
8445
8446
8448
8449
8450
8451
4367
8452
8453
8455
8456
8457
8458
8461
8462
8463
8466
8468
8470
8471
8473
8474
8475
8477
8478
8479
8480
8482
8483
8486
3185
8487
8488
8489
8490
8494
8495
8496
8029
8497
8498
8500
8501
8502
8503
8505
8506
8508
8509
8513
8514
8515
8516
8518
8519
8520
8521
8523
8524
8525
8527
8529
8530
8531
8533
1186
8542
8544
8546
7302
8547
8548
8549
8551
8552
8553
8554
3552
8556
8558
8559
8560
8562
8564
8565
8566
8567
5124
8572
8574
8575
8576
8577
8579
8580
8581
8582
8584
8585
8586
8587
8589
8590
8591
8592
8594
8595
8596
8597
8599
8600
8601
8602
8604
8605
8606
8607
8609
8610
8611
8612
8614
8615
8616
8617
8620
8621
8622
8623
8625
8626
8627
8628
8630
8631
8638
8639
8642
8643
8644
8646
3266
8650
8651
8652
8656
8657
8658
8659
8662
2611
8663
8667
8668
4009
4639
8671
8672
8673
8674
8676
8677
8678
8679
8681
8682
8683
8684
8686
8687
8688
8689
8691
8692
8693
8694
8696
8697
8698
8699
8701
8703
8705
8706
8708
8710
8711
8712
8716
8717
8723
8724
8725
8727
8728
8729
8731
8732
8733
8734
3893
6538
8735
8737
8738
8739
8740
8742
8743
8744
8745
8747
8748
8749
8750
8752
8753
8754
8755
8757
1755
8770
8772
8773
8774
8775
8777
8778
8779
8780
8782
8783
8784
8785
8787
8788
8789
8790
8792
8793
8794
8795
8797
8798
8800
8801
8802
2837
6572
6824
8097
8803
8804
8805
8807
8808
8809
8810
8813
8822
8823
8824
8827
8828
8829
8830
8835
8836
8837
8838
2991
8840
8843
8844
8845
8846
8847
8848
8850
8851
8852
8853
8854
8855
8856
8857
8859
8860
8861
8862
8864
8865
8866
8867
8869
8870
8871
8872
1856
8875
8876
8877
8878
8880
8881
8882
8883
2317
8884
8885
8886
8887
8893
8894
8895
2018
7474
8898
8899
8900
8901
8903
8904
8905
8906
8908
8909
8910
8911
8914
8915
8916
8917
8919
8920
8921
8922
8924
8925
8926
8927
8929
8930
8931
8936
8943
8945
8946
8948
8951
8953
8954
8955
8957
8958
8959
8960
8962
8964
8965
8966
8967
8968
1270
4225
8981
8983
8984
8987
8990
8993
8994
8995
8997
8998
8999
9002
9005
9006
9008
9012
2020
9013
9014
9015
9017
9018
9019
9020
9022
9025
9026
9027
9028
9029
9032
9035
9037
9039
9063
9065
9067
9068
9069
9073
9075
9081
9089
2602
9091
9092
9093
9095
9112
9113
9114
9115
9117
9118
9119
9120
9122
9123
9124
9125
9127
7813
9142
9143
9144
9151
9170
9172
9176
9179
9180
9181
9183
9184
9185
9186
9187
9173
9189
9197
9198
9199
9200
3529
5123
9203
9204
9205
9207
9210
9213
9214
9215
9218
9219
9223
9224
9228
9233
9239
9240
9241
9244
8085
9245
9246
9247
9249
9250
9251
9252
9253
9254
9255
9257
2813
4439
9262
9263
9264
9265
1225
9268
9269
9270
9271
9273
9274
9275
9276
9278
9279
9280
9281
9283
9284
9291
3584
6378
9292
9294
9295
9296
9300
9303
9304
9305
9306
9307
9309
9311
1782
9313
9315
9319
4660
2659
2676
9192
9321
9325
9326
9327
9328
9330
5691
9335
9336
9337
9339
9340
9342
9343
9346
9347
9352
3965
9359
9360
9361
9367
9368
9369
9370
8669
9372
9373
9374
9376
1141
9416
9417
9418
9419
9421
9422
9423
9424
9426
9427
9428
9429
9431
9432
9433
9434
9436
9437
9438
9439
9441
9442
9443
9444
9446
9447
9448
9449
9452
9454
9455
9456
9458
9463
9464
9467
9470
8426
9471
9472
9474
9475
9476
9477
9479
9480
9481
9482
9484
9486
9489
9490
9491
9492
9494
9495
5192
9496
9497
9499
9500
9501
9502
9504
9505
9506
9507
9509
9510
9511
9512
9514
9515
9516
9522
9524
9525
9526
9528
7234
9530
9531
9532
9534
9535
9536
9537
9540
9541
9542
9543
9546
9548
9549
9551
9552
9554
9555
9556
9557
9559
9560
9562
9563
9564
9566
9567
3527
9570
9571
9572
9573
8944
9577
9578
9579
9581
9582
9583
9584
9586
9587
331
9588
9589
9591
9593
9594
9595
9596
9599
9600
9601
9603
9606
9607
9608
9609
9612
4834
6526
9613
9615
9616
9619
9625
9627
9628
9629
9631
9632
9633
9634
9636
9637
9639
9640
9641
9642
9644
9645
9646
9647
9650
9651
9652
9653
9654
9658
9659
9660
9661
9663
9664
9666
9670
9671
9673
9674
9676
9677
9678
9679
9681
9682
9684
9685
9687
9688
9689
9690
9692
2361
1332
6512
9693
9694
9698
9699
2256
9700
9702
9703
9704
9705
6980
9707
9708
9709
9710
9717
9720
9721
9722
9723
9725
9726
9727
9728
9730
9731
9732
9734
9735
9736
9740
9741
9743
7977
9753
9754
9756
9759
9348
9760
9761
9764
9765
9766
9767
9769
9770
9771
9772
9774
9775
9776
9777
9779
9780
9781
9783
9784
9786
9787
9788
9789
9790
9791
9792
423
2358
3721
9793
9794
9795
9797
9798
9799
9800
9802
9803
9804
9805
9807
9808
9810
9811
9812
9813
9815
425
9818
9819
9820
9821
9823
9824
9825
9826
9828
9829
9830
9831
9833
9834
9375
9842
9843
9844
4070
5848
9745
9846
9847
9851
9852
9855
9285
9857
9858
9859
9861
9862
9863
9864
9866
9867
9868
9869
9872
9873
9874
9876
9877
9878
9880
9882
9883
9884
9887
9904
9905
9910
9912
9913
9914
9915
9917
9918
9919
9920
9922
9923
9926
9927
9928
1425
9146
9929
9933
9934
9935
9936
9937
9938
9940
9941
9942
9943
9944
9945
9946
9947
6044
9948
1248
9950
2456
9738
9953
9954
9955
9956
9958
9959
9960
9961
9963
9964
9965
9966
9968
9969
8891
9972
9973
9974
9976
9978
9979
9980
9982
9983
9984
9985
9991
9992
9993
9994
9996
6962
9997
9998
9999
10002
10005
10008
10009
10010
2429
10012
10013
10016
10017
10018
10019
5862
10021
10022
10023
10025
10026
10027
10031
10032
10033
10036
10037
10038
10045
10047
10048
10049
10050
10052
10053
10054
10055
10057
10059
10060
10061
10071
10072
10074
10075
10076
10077
10079
10080
10086
10087
10088
10090
10091
3444
10092
10093
10094
10096
10098
10099
10100
10101
10106
7866
10110
10111
10113
10114
10115
10116
10118
10119
10120
10121
10123
10124
10125
10127
10130
10131
10132
10133
10136
10137
10138
10139
10140
10141
10143
10144
10146
10147
10148
10149
10150
4913
10151
10152
10153
2362
10156
10157
10158
10159
10161
10164
10175
10179
10180
10181
10183
10188
10189
10190
10191
4690
10195
10200
10201
10202
10203
10205
10206
10207
10208
10210
10211
10212
10213
10214
10215
10217
10218
10219
10221
10222
10223
6510
10231
10232
10233
10234
10236
10237
10238
10239
10241
10242
10243
10244
10246
10247
10248
10251
515
10259
10260
10262
10263
10264
10266
10269
2316
2391
10276
10278
10283
779
10284
10286
10287
10288
129
5806
10297
10298
10300
10301
10302
10303
10304
10306
10307
10308
10309
10312
10313
10314
10315
10317
10333
10335
10348
4774
9565
10360
10362
10364
10365
10366
10367
10369
10370
10371
10372
10375
10376
10377
10378
10380
10381
10382
2835
10383
10386
10387
10388
10389
10391
1628
10392
10393
10394
10395
10397
10398
10399
10400
10402
10403
10405
8116
10410
10411
10415
10417
10419
10420
8491
10421
10422
10423
10425
10426
10427
10429
10434
10436
4477
10439
10440
10442
10443
10445
10447
10448
10449
10451
10453
10454
10456
10457
10459
10460
10462
10466
10467
10468
10471
10472
10473
10474
10476
8741
10478
10479
10480
10481
10483
166
10484
4691
6412
10487
10066
10488
3610
10489
10490
10491
10492
10496
10497
10498
10499
10503
10504
10505
10507
10508
10520
10528
10530
10531
2336
10532
10534
10537
2768
4203
9949
10538
10541
10544
10545
10547
10548
10551
10552
10553
3054
5617
10556
10558
10559
9021
10562
10564
10565
10566
10567
10570
10575
10576
10577
10103
10583
8035
10311
10585
10586
10588
10589
10590
10591
10593
10594
10595
10596
10598
10599
10600
10601
10603
10605
10606
10607
10610
10611
10612
10613
10620
10621
10622
10624
10625
10626
10642
10643
10644
10645
10647
10648
10649
6465
10653
10654
9103
10657
10659
10662
10665
10668
10669
10670
10671
10675
10678
10679
10680
10681
6454
10684
10299
9751
10686
10687
10688
10691
2443
9076
10692
10693
10694
10696
10697
10698
5058
5572
8811
10204
10702
10703
10704
10705
10707
10708
10709
10710
10712
10713
10714
10715
10717
10718
10719
10720
10722
10723
10724
10725
10727
10728
10729
10730
10732
10733
10734
10737
10738
10739
520
10740
10742
10743
10744
10745
10747
10748
10749
10750
10752
10753
10754
10755
10757
10758
10759
10760
10772
10774
10775
10776
10777
10778
10783
4995
10785
10787
10788
10790
10792
10793
10794
10796
10797
10798
10799
10800
10802
10803
10804
10805
10807
10808
10809
10811
10814
10815
8031
10186
10825
10828
10829
10832
10833
10841
10842
10843
10844
10846
10847
10848
10850
10851
10853
1240
10863
10864
10865
10866
10868
10869
10870
5881
10871
10873
10874
10875
10876
10878
10879
10880
10881
10883
10884
10885
7045
10632
10887
10888
10890
10891
10892
10893
10895
1196
2849
10897
10898
10900
10901
10902
10903
3255
10908
10909
10912
10913
10914
10915
10917
10934
8247
10936
10938
10939
10940
10941
10943
10945
10946
10947
10949
10950
10951
10952
10953
10954
10955
10958
10959
10960
10962
1547
7885
7893
10964
10965
10966
10967
10969
10970
10971
1524
3738
9201
10972
10973
10974
10976
10977
10978
10979
10981
10982
10983
10984
10986
10987
10988
3263
2324
4368
9085
10991
10992
10993
10994
10996
10997
10998
10999
11001
11002
11003
11004
11006
11007
11008
11009
11011
11012
11013
11023
11024
11025
11026
11032
11033
5331
3116
11040
11041
11045
11047
11048
11049
11050
11051
11052
11054
11055
11056
11057
11059
11060
8517
11061
11062
1853
11070
11071
11073
11074
11075
11076
11078
11079
11080
11081
11082
11083
11085
11086
11087
11088
11089
11091
11092
11094
11096
11097
11098
11099
11101
11102
11104
11105
11106
11107
11109
11110
11111
11112
11114
11115
11116
11117
11119
11120
11121
11122
11124
11130
11132
11133
11134
11135
4664
6745
11140
11141
11142
11143
11145
4002
11151
11152
11153
11154
11155
11156
11157
11160
11161
11163
11164
11166
11169
11170
11171
11174
11175
11176
1115
11178
11179
11180
11181
11184
11185
11186
11188
11189
2881
5944
7661
8080
11190
11191
11192
11194
11195
11196
11197
11199
11200
11201
11202
11204
11205
11206
11207
11209
11210
11211
11212
11214
11215
3759
7678
11216
11218
11219
11220
11222
11223
11224
11225
11227
11228
11229
11230
11232
11233
11234
11235
11237
11238
11240
11241
11243
11244
11245
11246
11247
11248
11249
11250
11257
11258
11259
11260
11262
11263
11264
11265
11267
11269
4245
11272
11273
11274
11276
11277
11278
11279
11281
11284
11285
5088
11290
9574
11323
11324
11325
11326
11327
11329
4930
11330
11333
11334
11335
3557
11336
11337
11345
11347
11348
9345
11349
11351
11352
11353
11354
11356
11357
11358
11360
11361
11362
11363
3352
11367
11368
11369
11371
11372
334
7336
7348
7351
7355
11374
11375
11376
11378
11379
11380
11381
11383
11384
11385
11386
11388
11390
11392
11394
11396
11397
8841
11398
11399
11400
11401
11402
11403
11404
11405
11407
11408
9558
11409
11410
11412
11413
11414
11415
11417
11418
11419
11420
11422
11423
11424
11425
11428
11429
11430
11431
6822
11439
11440
11441
7783
11446
11447
11449
11450
11451
11452
11453
11455
11456
11457
1092
11458
11460
11463
11467
11469
11470
11471
11473
11474
11475
11476
11478
11479
11480
11482
11485
11487
11488
11489
11490
11492
11493
11496
11498
11500
11501
11502
11504
5091
7353
11507
11508
11509
11510
11512
11513
11514
11515
11517
11518
11519
11520
11522
11523
11524
11525
11527
11528
11529
11530
11532
11533
11534
11547
11551
11552
11293
11561
11563
11566
11568
11569
1762
6865
11574
11575
11577
11578
11579
8201
11581
11582
11583
11584
11585
11586
11589
11590
11591
11592
11594
11598
11601
11602
11605
11606
11607
8996
9378
11611
11612
11613
11614
11615
11616
11618
11620
11621
11622
11623
11625
11626
11627
11629
11630
11631
11632
11634
11635
11636
11637
11639
11640
11642
11643
8700
11645
11647
11648
11650
11651
11652
11653
11656
11658
11659
11660
11662
11664
11665
11667
11671
5414
11672
11674
11675
11676
11677
11680
11681
11682
11683
1837
11687
11688
11689
11690
11691
11692
11693
5300
11694
11696
11697
11698
11699
11701
11702
11703
11704
11706
11707
11708
11709
11711
11712
11713
11714
11716
11717
11718
11719
11721
11722
11723
11724
11726
4624
11728
11730
11731
11733
11734
834
6070
11736
11737
11738
11740
11744
11745
11747
11748
11752
11753
11755
11756
11757
11758
6095
11759
11763
11771
9323
11772
11773
11774
11776
11777
11778
11779
11781
11782
3843
11784
11785
11786
11787
11789
11790
11792
11793
11794
11795
11797
11798
11799
11800
11802
11803
11804
11805
11807
11808
11809
11810
11812
11813
11814
11815
11817
11818
11819
11820
4349
11830
11833
11834
11838
11840
11845
11846
11847
11859
11860
11863
11864
11865
11877
11878
11879
11884
11885
11886
11888
11889
11891
11892
11894
11897
11898
11899
11900
11902
11903
11904
11905
11907
11908
11909
11910
11914
5980
11275
11916
11917
11918
11919
11921
11923
11929
11930
5526
11933
11934
11935
11937
11938
11939
11940
11942
11944
11946
11947
10546
11949
11950
11951
11952
11953
11954
11956
11957
531
9575
11958
11959
11961
11965
11966
11967
1007
11971
11973
11974
11975
11977
11978
11979
11980
11982
11984
5947
11994
11995
11998
11999
12001
12002
12003
12006
12008
12009
12011
12014
12015
12016
12018
10695
12022
12023
12024
12025
12026
12027
12029
12030
12032
12034
12036
12038
12039
12040
2402
4174
10906
12041
12043
12044
12045
12046
12048
12049
12050
12051
12052
12053
12054
10494
5949
6529
12055
12057
12058
12059
12060
12062
12063
12064
12065
12066
12073
12074
12075
2701
6885
12077
3439
12083
12084
12085
12086
12088
12089
12091
3708
4496
12092
12094
12095
12096
12097
12099
7401
12100
12101
12102
12103
12106
12107
12108
12109
12111
12113
12114
12115
12117
12119
12120
12121
12123
12124
12125
12126
12128
12129
7533
12131
1281
9921
12132
12133
12134
12136
12137
12138
12140
12143
12144
12147
12148
12152
12153
12155
12157
12159
12160
12162
12164
12167
12168
2801
12170
12171
12172
12173
12175
12154
8079
12176
12178
3095
6017
6217
10270
12179
12180
12182
12183
12184
12185
12187
12188
12189
12190
12192
12194
12195
12196
12198
12199
12201
12202
12203
5220
7147
12205
12207
12208
12209
4865
12211
12212
12213
12214
12216
12217
10209
10682
12218
12220
12221
12222
12223
12225
12226
12227
12228
12230
12231
12232
12233
12235
12236
2535
9806
12237
12238
439
4911
8442
12239
12240
12241
12242
12246
12247
12248
12249
12251
12252
12253
12254
12256
12257
12258
12259
12261
12262
12263
12264
3498
5317
7922
12266
12267
12268
12269
12271
12272
12273
12274
12276
12277
12278
12279
12281
12282
12283
12284
12285
12287
12288
12290
12291
12292
12294
12296
12297
12298
12299
12302
12303
12304
12306
12308
12309
12311
12312
12314
12315
12317
12318
12321
12322
12323
12324
12325
12326
12327
12329
12330
12331
12332
12334
295
1378
9322
12339
12340
12341
12342
10063
11484
12345
12346
12349
12350
12351
12352
12354
12355
12356
12357
5693
7298
12359
12360
12361
12362
12369
8186
2830
12370
12371
12372
12373
12376
12377
12381
12382
12390
12391
12392
12394
12395
12397
12399
12400
12401
12402
12403
12405
12406
12407
12408
3117
12411
12412
12413
12414
12416
12417
12418
12419
12421
12422
12423
12424
12426
12427
12428
12429
12431
12432
3790
8034
12435
12436
12437
12440
12441
12442
12443
12445
12448
12449
2633
10818
12455
12456
12457
12458
12460
12461
12465
12466
9908
12470
12472
12473
4290
12476
12477
2337
3200
6495
9569
12479
12480
12481
12483
12484
12485
12487
12489
4682
12493
12494
12495
12497
12498
12499
12518
12520
7906
12522
12523
12525
12526
12527
12528
2188
12529
12530
12531
12533
12534
12535
12536
12538
12539
12540
12541
12543
12544
12546
12547
12548
12549
12550
12552
12553
12559
12560
12561
12562
2573
12563
12564
12567
12568
4661
5688
12571
12572
12574
12575
12576
12577
12579
12580
12581
12582
12585
12586
12587
12588
12590
12591
12592
12593
12596
12597
12598
12599
12613
12616
12617
12618
3980
12622
12626
12627
12631
12632
12633
12635
3165
12638
12639
12641
6027
12642
12643
12644
12645
12647
