[747, 2429, 10012]
[8572, 8574, 8575, 8576, 8577, 8579, 8580, 8581, 8582, 8584, 8585, 8586, 8587, 8589, 8590, 8591, 8592, 8594, 8596, 8597, 8599, 8600, 8601, 8602, 8604, 8605, 8606, 8607, 8609, 8610, 8611, 8612, 8614, 8616, 8617]
[2031, 2032, 2033, 2034, 2036, 2037, 2038, 2039, 2041, 2042, 2046, 2047, 2049, 2050, 2051, 2052]
[3906, 5852, 5853, 5854, 5860]
[6224]
[667, 673]
[71, 42, 1858, 1353, 2118, 2064, 2233, 2610, 9792, 10312, 10807]
[5213, 6628, 6629, 6630, 6631, 6633, 6634, 6635, 6636, 6638, 6639, 6640]
[989, 410, 2220, 3153, 3920, 5322, 9482]
[6160, 12240, 12241, 12242, 12248, 12249, 12252, 12254, 12259, 12261, 12262, 12264]
[2027, 2028, 2029]
[170, 1, 72, 177, 189, 190, 188, 1288, 1358, 2345, 5221, 10251]
[1846, 3079, 3081, 3082, 3083, 3084, 3086, 3088, 3089, 3090, 3106, 3107, 3108, 3109]
[7587, 7589, 7590, 1547, 7885, 7893, 10964, 10965, 10966, 10967, 10969, 10970, 10971]
[1767, 1768, 1770]
[5693, 7298, 12359, 12360, 12361]
[2182, 4766, 4767, 4768, 4770, 4771, 4772, 4773, 4775]
[1347, 8031, 10825, 10833, 10842, 10843]
[6480, 7595, 7596, 7597, 7599, 7600, 7601, 7602, 7604, 7605, 7606, 7607, 7609, 7610]
[1021, 1022, 1029, 1033, 1034, 1037, 1038, 1043, 1044, 1052, 1060, 1061, 1063, 1064, 1068]
[492, 1128, 635, 3183, 3195, 3196, 3197, 3198, 3201, 3202, 4902, 4690, 10195]
[3259, 3260, 3261, 3262, 3264, 3745, 6518, 6519, 10143, 10144, 10146, 10147]
[1016, 4116, 6818, 9021, 10562, 10564, 10565, 10566, 10567, 10570, 10575, 10576, 10577]
[218, 722]
[172, 3205, 4727, 6116, 6117, 6118, 6119, 6121, 6122, 6123, 6124, 6126, 6127, 6128, 6129, 6131, 6132, 6133, 6134, 6136, 6137, 6138]
[4948, 6356, 6357, 6361]
[2207, 2232, 2236, 2237, 2240, 2241, 2242, 2243, 2245]
[66, 5436, 5437, 5438]
[2467, 7135, 7137, 7138, 7141, 7143, 7149, 7152, 7153, 7154]
[3074, 11693]
[2371, 3532, 9199, 9200, 1196, 2849, 10897, 10898, 10900, 10901, 10902]
[1008, 1009, 1010, 1013]
[5239, 10678, 12567, 12568]
[207, 1866, 1867, 2115]
[787, 4132, 4134, 4135, 4136, 4137, 4139, 4142, 4144, 4145, 4146, 4147, 4149, 4150, 4151, 4154, 4155, 4156]
[1934, 1936, 1937, 1938, 1939, 3130, 3131]
[4935, 4936]
[2211, 2212, 10960, 11551, 11552, 12202, 12203]
[1225, 9268, 9269, 9270, 9271, 9273, 9274, 9275, 9276, 9278, 9279, 9280, 9281, 9283, 9284]
[3248, 3249, 3250, 1100, 4493, 4494, 5453, 5454, 5455, 5456, 5896, 5898, 9073]
[9426, 9428, 9433, 9436, 9437, 9439, 9444, 9446, 9448, 9455, 9456, 9458]
[38, 702, 801, 854, 10890, 3708, 4496, 12092, 12094, 12095, 12096, 12097, 12099]
[5367, 5372, 5375, 5380, 5392, 5398, 5400]
[5136, 5139, 5142, 5144, 5145, 5146, 5162, 5168]
[3806, 2381, 4037, 4038, 4039, 4040, 8200, 8202, 8203, 8204]
[9720, 9721, 10066, 10488]
[2689, 651, 4370, 4371]
[2881, 7661, 8080, 11191, 11192, 11197, 11199, 11200, 11201, 11204, 11205, 11206, 11207, 11209, 11212, 11215, 11457]
[1206, 2739, 3848, 4033, 4035, 6660, 6672, 9570, 9571, 9572, 9573]
[9945, 10936, 10939, 10945, 10946, 10947, 10949, 10952]
[293, 294, 300, 303, 307, 310, 312, 313, 320, 9944]
[3910, 6725, 3893, 6538, 8735, 8737, 8738, 8739, 8740, 8742, 8743, 8744, 8745, 8747, 8748, 8749, 8750, 8752, 8753, 8754, 8755, 8757]
[1788, 1797, 1798, 1799, 9540, 9541, 9542, 9644, 9645, 9646, 9647, 9650, 9736, 7401, 12100, 12101, 12102, 12103, 12106, 12107, 12108, 12109, 12111, 12113, 12114, 12115, 12117, 12119]
[432, 693, 823, 1627, 2613, 10061, 12562]
[2931, 2933, 2936, 2937, 2991, 9934, 9935, 9936, 9937]
[1693, 1701, 1706, 1707, 1720, 1724, 1726]
[6650, 5526, 11933, 11934, 11935, 11937, 11938, 11939, 11940, 11942, 11944, 11946, 11947]
[10110, 10114, 10118, 10120, 10123, 10130, 10131, 10136]
[3439, 12083, 12084, 12085, 12086, 12088]
[1018, 1019, 2283, 2291, 2295, 2298, 2300, 2302, 2305, 2307, 2312]
[5008, 5129, 5245, 5247, 5248, 5249, 8723, 8724, 8725, 8727]
[1782, 9313, 7906, 12522, 12523, 12526, 12527]
[2235, 8462, 8463, 8466, 8468, 8470, 8471]
[4241, 7952, 7954, 7957, 7958, 7959, 7963, 7969, 7974]
[3871, 4372, 4373, 4374, 4376, 4377, 4378, 4379, 4381, 4382]
[1330, 5742, 7251, 3165]
[1397, 6340, 6411, 6413, 6439, 6441, 9717]
[4847, 2813, 4439, 9262, 9263, 9264]
[3049, 3050, 3051, 4101, 4103, 4105]
[2644, 7769, 8002, 4506, 5583, 5790, 8030, 4611, 8274, 8275, 8276, 8277, 8279, 8280, 8281, 8284, 8285, 8286, 8287, 8289, 8290, 8291, 8292, 8294, 8295, 8296]
[5787, 5792, 5884]
[685, 2044, 8431, 8433, 8434, 8435, 8436, 8438, 8439, 8440, 8441, 8443, 8444, 8445]
[937, 938]
[3067, 3068, 3069, 3070, 3072, 3868, 11051, 11052, 11054]
[5745, 5746, 6049, 8257, 9181]
[2866, 4969, 5218, 8408, 8409, 8410, 8411, 8413, 8414, 8415, 8420, 8422, 8423]
[5900, 5901, 5902, 5903, 5905, 5906, 5907, 5908]
[6746, 6747, 6748, 6750, 6751, 6752, 6753, 6755, 6756, 6757, 6758, 9790, 9791]
[2960, 2961, 603, 1255, 2487, 3052, 3053, 3056, 3057, 3058, 3060, 3062, 3063, 3064, 3066]
[1508, 1636, 2469, 3287, 9254, 10204, 10704, 10707, 10709, 10718, 10722, 10724, 10728, 10729]
[622, 623, 3375, 486, 5294, 5296, 5297, 5298, 5299, 5302, 5304, 5306, 5307, 5308, 5309, 5311, 5312, 5313, 5314]
[2814, 2818, 2822, 2831, 2832, 2840]
[6052, 6054, 6059, 6061, 6063, 6064, 6068, 6076, 6081, 6082]
[2083, 2084, 2086]
[6587, 6589, 6591, 6592, 6594, 6595, 6596, 6598, 6600, 6601, 6602, 6603]
[11830, 11833, 11834, 11838, 11840, 11845, 11846, 11847]
[2434, 2435, 2436, 2437, 3482, 3483, 3484]
[6172, 295, 1378, 9322, 12339, 12340, 12341, 12342]
[6, 76, 91, 5, 386, 542, 385, 1374, 2688, 4046, 1263]
[3844, 11013]
[706, 1084, 1238, 1240, 10863]
[6759, 6760, 6761, 6762]
[494, 1542, 4391, 4392, 4393, 8012]
[2412, 2413, 2414, 2416]
[45, 48, 50, 51, 53, 54, 55, 58, 63, 64, 68]
[5532, 5533, 5534]
[3, 6763, 6764, 6766, 6767, 6768, 6769, 6771, 6772, 6773, 6775, 6777, 6778, 6779, 6780, 6782, 6783, 6784]
[3573, 3574, 3576, 5612]
[2280, 5960, 9976, 9978, 9979, 9980]
[242, 1973, 4509, 8013]
[10591, 10593, 10600, 10601, 10603, 10611]
[2940, 2941, 2946, 2947, 3981, 3984, 3985, 3986, 3993, 3995, 3996]
[4842, 4843, 4844, 4845, 5832, 5834, 5835, 5837, 5838, 5843]
[769, 4386, 4387, 4388, 5032, 5458, 5460, 5461, 5951, 11269, 1092, 11458, 11460, 11463]
[4593, 4594, 4595, 4596, 4599, 4600]
[1290, 8854, 8855, 8856, 8857, 8859, 8860, 8862, 8864, 8865, 8866, 8867, 8869, 8870, 8871, 8872]
[643, 2471, 2472, 5512, 5513, 5514]
[8452, 8453, 8455, 8456, 8457, 8458]
[1548, 1549, 1550, 1551, 1553, 1555, 1556, 1559]
[1431, 3542, 6998, 7000, 7004, 7009, 7014, 7015, 7017]
[3498, 7922, 12267, 12268, 12271, 12272, 12274, 12276, 12279]
[7095, 7096, 7097, 4865, 12211, 12212, 12213, 12214, 12216, 12217]
[3388, 3389, 3391, 3392, 8015, 8016, 8017, 8019, 8020, 8021, 8022, 8024, 8026, 8027, 10691]
[2978, 7531, 7532, 7534]
[3701]
[3301, 3302, 3303, 3305, 3306, 3307, 3308]
[331, 5848, 10530, 10742, 10744, 10747, 10754, 10759, 10760]
[8300, 8302, 8303, 8304, 8305, 8307, 8308, 8309, 8310, 8312, 8313, 8314, 8315, 8317, 8318, 8319, 8320]
[3317, 3318, 3319, 3321, 3324, 3325, 3326, 3328, 3329, 3330, 3331]
[11589, 11590, 11592, 11594, 11598, 11601, 11602, 11605, 11606, 11607]
[6139, 6140, 6141]
[1081, 1498, 1500, 1504, 1506, 3865, 3866, 9253, 9255, 9257]
[956, 957, 959, 960, 961, 962, 964, 965, 966, 967, 969, 970, 971, 972, 975, 976, 11500, 11501, 11502, 11504]
[3190, 7484, 7485]
[1115, 11178, 11179, 11180, 11181]
[10090, 10091, 7533, 12131]
[529, 536, 3879, 1737, 4680, 6153, 3263]
[1982, 2883, 2884, 4414, 4807, 8533]
[3080, 4651, 3097, 4009, 4639, 8671, 8672, 8673, 8674, 8676, 8677, 8678, 8679, 8681, 8682, 8683, 8684, 8686, 8687, 8688, 8689, 8691, 8692, 8693, 8694]
[10745, 11891, 11892, 11894, 11897]
[1642, 1647, 1650, 1651, 1652, 1654, 1660, 1662, 1664, 1666, 1670, 1671, 1674, 1676]
[5171, 5173, 5174, 5175, 5176, 5178, 5179, 5180]
[6727, 6729, 6732, 6737, 6738, 6742, 6743]
[9593, 9594, 9595, 9596, 9599, 9600, 9601, 9603, 9606, 9607, 9608, 9609]
[384, 2076, 4715, 4718, 7249, 2077, 6223, 7312, 7313, 7315, 7316, 7317, 7318, 7320, 7321, 7322, 7323, 7325, 7326, 7327, 7328]
[7752, 8542, 8544, 4691, 6412, 10487]
[6687, 6688, 6690, 6691, 6692, 6694]
[4605, 4755, 6840, 6841, 6843, 6844, 6845, 6846, 6848, 6849, 6850, 6851]
[11731, 11733, 11734]
[9627, 9628, 9629, 9631, 9632, 9633, 9634, 9636, 9637]
[3076, 5778, 1198, 6170, 8964, 11532, 11533, 11534]
[6313, 1524, 3738, 10972, 10974, 10977, 10978, 10984, 10986, 10988]
[2530, 3589, 11626, 11627, 11630, 11631, 11632, 11634, 11635]
[5535, 5536, 5537, 5538, 5541, 5542, 5543, 5545, 5546, 5547, 5548, 5550, 5551, 5552, 5553, 5555, 5556, 5557]
[5088, 4682, 12493, 12494, 12495, 12497, 12498, 12499]
[1156, 1161, 1171, 1179, 1182, 1184, 1189, 1192, 1193]
[3160, 3162, 3163, 3846, 8381, 8383, 8384, 11345, 11347, 11348]
[1375]
[4971, 4973]
[2214, 1363, 3230, 3231, 3449, 4782, 4784, 6033, 3228, 6239, 6241]
[2281, 2282, 2285, 2286, 2287, 2288, 2290, 2292, 2293, 2296, 2297, 2301, 2303, 2306, 2310, 2311, 2313]
[102, 130, 131, 109, 103, 199, 216, 297, 304, 306, 308, 319, 364, 512, 625, 7437, 12154]
[1333, 1334, 1336, 1337, 1338, 1344, 1345, 1346]
[1360, 6311, 6312, 6314, 6316, 6318, 6319, 6320, 6323]
[128, 493, 683, 719, 767, 791, 132, 1467, 5244]
[1129, 1759, 1761, 1765, 1766]
[204, 230, 1153, 1154, 3254, 3256, 3257, 3258, 2014, 4054, 4056, 10546, 11949, 11950]
[3158, 3159, 3237, 3678, 8851, 1332, 6512, 9693, 9694, 9698]
[717, 1136, 3768, 4601, 5264, 11045, 11047, 11048, 11049]
[2463, 1582, 2845, 2846, 2847, 2848, 2850, 2851, 2852, 2855, 2856, 2857, 2858]
[3689, 3691, 3693, 3694, 3696, 3697, 3699]
[1783, 3732, 3734, 3735, 3736, 3739, 3740, 3741, 3742, 3744, 3746, 3748, 3750, 3751, 3755, 3762]
[5934]
[5197, 6389, 8486, 11082, 11083, 11085, 11086, 11087, 11088]
[519, 505, 641, 4523]
[3849, 3850, 3852, 3854, 3855, 3857, 3858, 2043, 5980, 9575, 11958, 11959, 11961, 11965, 11966, 11967]
[1490, 1491, 1493, 4002, 11151, 11152, 11153]
[1387, 3235, 4239, 5676, 5679, 6244, 6247, 6249, 6251]
[4980, 4981, 4983, 4984, 4985, 4986, 4988, 4989, 4990, 4991]
[8361, 8362, 8363, 8367, 8369, 8372]
[3606, 8043, 8045, 8047, 8048, 8049, 8051]
[3937, 3938, 3940, 3941, 3943, 3944]
[998, 999, 7081, 7082, 7083, 7085]
[6211, 6212]
[258, 3529, 9205, 9207, 9210, 9215, 9219]
[122, 123, 5875]
[831, 1865, 2098, 2185, 2399, 2400, 7477, 7482, 7483, 7928, 9761, 9851, 9852, 9905, 10299]
[3712, 980, 993, 4058, 4059, 4061, 4062, 4063, 4066, 4067, 4068, 4069, 4071, 4072]
[417, 5814, 5999, 6000, 6003, 6006]
[1979, 1422]
[2809, 2830, 12370, 12371, 12372, 12373, 12376, 12377, 12381, 12382, 12390, 12391, 12392, 12394]
[703, 10365, 10740, 11220, 11222, 11223, 11224, 11225, 11227, 11228, 11229, 11230, 11232, 11233, 11234, 11235, 11237, 11238, 11240, 11241, 11243, 11244, 11245]
[240, 241, 243, 246, 248, 250, 255, 256, 257, 260, 262, 263, 266, 267, 271, 272, 273, 274, 276, 277, 278]
[2347, 2350, 2352, 2355, 2356, 2357, 10503]
[997]
[3212, 5750, 5751, 5753, 5755, 6980, 9707, 4774, 11687, 11899, 11900, 11902, 11903, 11904, 11905, 11907, 11908, 11909, 11910, 11914]
[377, 378, 741, 1005, 1006, 1079, 743, 1267, 1842, 540, 1986, 1988, 1989, 1987, 2217, 2505, 9985, 9991, 12528]
[211, 7648, 7649, 7651]
[4612, 9018, 9022]
[2843, 4282]
[8426, 9471, 9472, 9474, 9475, 9476, 9477, 9479, 9480, 9481]
[1527, 9032, 9035]
[1442, 5057, 2066, 5736, 7618, 7619, 7620, 7621, 7623, 7624, 7625, 7626, 7628, 7629, 7630, 7631, 7633, 7637, 7638]
[718, 8397, 8398, 8400]
[798, 800, 802, 804, 805, 807, 808, 809, 812, 813, 815, 817, 818]
[3340, 3355, 11757, 11758]
[6058, 6062, 6066, 6067, 6069, 6071, 6074]
[30, 176, 182, 196, 3773]
[1423, 11792, 11793, 11794, 11795, 11797, 11799, 11800, 11802, 11803, 11804, 11805, 11807, 11808, 11809, 11810, 11812, 11813, 11814, 11815, 11817, 11818]
[4910, 6813, 9201, 10973, 10979, 10981, 10982, 10983, 10987]
[3525, 3862, 3864, 4717]
[1886, 3450, 4311, 4407, 4408, 4410, 4863, 3869, 7104, 7105, 7106, 7109, 7110, 7111]
[3292, 6926, 6927, 10785, 10787, 10788, 10790, 10792, 10793, 10794, 10796, 10797]
[1297, 5266, 5267, 5268, 5270, 5271, 5272, 5273, 5276, 5277, 5278, 5280, 5281, 5282, 5283, 5285]
[1617, 1618, 1619, 1620, 1622, 1623, 1624, 1625, 1195, 8186]
[7814, 7816, 7824, 7832, 7836, 7839, 7844]
[7549, 7557, 7561, 7562, 7573]
[500, 1608, 1614, 1615]
[10025, 10026, 10027, 10031, 2316, 2391, 10276, 10278]
[9307, 9309, 9311]
[661, 4341, 4342, 4343, 4345, 4346, 4347, 4348, 4350, 4351]
[4113, 5126, 6713, 6714, 7920, 7921]
[7489, 7490, 7491, 7493, 7494, 7495, 7496, 7500, 7501, 7502, 7505, 7506, 7507, 7508, 7510, 7513, 7514]
[5194, 9065, 5414, 11672, 11674, 11675, 11676, 11677, 11680, 11681, 11682, 11683]
[1848, 1851, 1854, 1857, 1862, 1863, 1864]
[1698, 1703, 1714, 1721, 1723]
[1673, 11185, 11186, 11188, 11189]
[2602, 9095, 9112, 9114, 9115, 9118, 9119, 9125, 9127]
[399, 5286, 12287, 12294, 12297, 12299, 12302, 12303, 12306, 12309, 12314, 12315, 12322]
[16, 395, 1478, 1859, 3277, 4214, 1486]
[9330, 11412, 11417, 11428]
[2833, 6720, 6721, 6723, 6724]
[8846, 8847, 8848, 8850, 8852, 8853]
[496, 497, 498, 501, 502, 504, 506, 514, 516, 517]
[1593, 1598, 1601, 1602, 1605, 1606, 2466, 4074, 12073, 12074, 12075]
[3004, 3998, 11070, 11071, 11073, 11074, 11075, 11076, 11078, 11079, 11080, 11081]
[8282, 9551, 9552, 9554, 9555, 9556, 9557, 9559]
[4140, 166, 10484, 12205]
[1494, 4803, 11257, 11258, 11259, 11260, 11262, 11263, 11264, 11265, 11267]
[2346, 6155, 9882, 9883, 9884, 9887, 9904, 10175, 10179, 10180, 10181, 10183, 10188, 10189, 10190, 10191]
[2548, 5184, 5185]
[4533, 8697, 8698, 8699, 8701, 8703, 8705, 8706, 8708, 8710, 8712]
[3925, 3933, 5103, 5106, 5108, 5109, 5111, 5113, 5130, 5133, 10507, 10508, 10520]
[10976]
[721, 3136, 2011, 1755, 8770, 8772, 8773, 8774, 8775, 8777, 8778, 8779, 8780, 8782, 8783, 8784, 8785, 8787, 8788, 8789, 8790, 8792, 8793, 8794, 8795, 8797, 8798, 8800, 8801]
[75, 192, 387, 394, 445, 108, 249, 1076, 1210, 7102]
[1232, 1348, 4664, 6745, 11140, 11141, 11142, 11143, 531]
[7243, 3843, 11784, 11785, 11786, 11787]
[2885, 6013, 6014, 6015, 6016, 6018, 6019, 6020, 6021, 6478, 6481]
[3680, 3961, 2768, 4203, 9949, 10538, 10541, 10544, 10545, 10547, 10548]
[3219, 9677, 10213, 5300, 11694, 11696, 11697, 11698, 11699, 11701, 11702, 11703, 11704, 11706, 11707, 11708, 11709, 11711, 11712, 11713, 11714, 11716, 11717, 11718, 11719, 11721]
[1416, 3115, 4626, 4631, 4637, 4641, 4642, 4647, 4653, 4654, 380]
[4179, 4851, 6083, 6085, 6086, 6088, 6089, 6092, 6093, 6094]
[1357, 1870, 2474, 5435, 5808, 9946, 9947]
[4449, 4848, 6414, 6415, 6417, 6418, 6419, 6420, 6422, 6423, 6424]
[5192, 9496, 9497, 9499, 9500, 9501, 9502, 9504, 9505, 9506, 9507, 9509, 9510, 9511, 9512, 9514, 9515, 9516]
[2106, 7397, 7400, 10419, 12448, 12449]
[4358, 4359, 4361, 4362, 4363, 4364, 4366, 4365, 4426, 4427, 4428]
[1481, 1956, 2994, 2996, 2997, 2999, 3001, 5518, 10783]
[2888, 2890, 2891, 4352, 5327, 5330, 5332]
[4141, 12327, 12329, 12330]
[10212, 10214, 10215, 10217, 10218]
[7086, 4624, 11728, 11730, 10063, 11484, 12345, 12346, 12349, 12350, 12351, 12352, 12354, 12355, 12356, 12357]
[5459, 3867, 7383, 7385, 7386, 7387, 7388, 7390, 7391, 7392, 7393]
[5186, 5187, 8141]
[595, 330, 2958, 6253, 6795, 6797, 6798, 6805, 6806, 6812, 6816]
[688, 690, 692, 694, 697, 699, 704, 705, 707, 708, 710]
[616, 618, 621, 742, 1278, 2094, 2495, 1362, 3343, 3508, 7286]
[3674, 4504, 4505, 5003]
[47, 564, 2385, 2886, 2892, 3077, 3078, 3244, 1833, 631, 5611]
[323, 325, 326]
[9869, 9872, 9873, 9874, 9876, 9877, 9878]
[1967, 5256, 6466, 6467, 6469, 6470, 6471, 6472]
[566, 572, 576, 579, 589, 594, 596, 599]
[3177, 3682, 3683, 3684, 4469, 1472, 6203]
[44, 5770, 5772, 5773, 5776, 5779, 5780]
[1871, 1872, 1873, 1874, 1876, 1881, 1882, 1883, 1885]
[982, 8065, 8067, 8068, 8070, 8073, 8074, 8087]
[426, 4289]
[5757, 5758, 5759, 5760, 5762, 5764, 5765, 5768, 5769]
[1214, 1215, 1216, 1329, 11160, 11161]
[4721, 4722, 4723, 4725, 4729, 4730, 4731, 4733, 4735, 4736, 4738, 4739, 4741]
[1001, 1002, 1003]
[2723, 2724, 3206, 3209, 8716, 8717, 11025, 11026, 11032, 11033]
[441, 443, 10103, 10583]
[1597, 5288, 5290, 5291, 5292, 5293]
[9671, 9673]
[624, 2458, 2333, 2272, 1469, 3045, 7178, 7655]
[3015, 5102]
[1382, 723, 2703, 2704, 2705, 2707, 2708, 2709, 2710, 2712, 2714, 2715, 2717, 2718, 2719]
[136, 5001, 9173, 9189, 9197, 10221, 10382]
[403, 725, 726, 731, 732, 733]
[412, 2072, 2078, 8160, 8161, 9337, 9339, 6070, 11736, 11737]
[551, 552, 553, 554, 2366, 2367, 2368, 2370, 10697, 10698]
[4508, 6378, 9295, 9300, 9305]
[753, 1279, 2088, 2089, 2090, 2091, 2095, 3510, 4120, 4831, 4835, 4836, 4841, 749, 11, 5211, 8336, 8338, 8339, 8340, 8341, 8343, 8344, 8345]
[8700, 11647, 11648, 11650, 11651, 11653, 11656, 11658, 11659, 11660, 11664, 11665, 11667, 11671]
[634, 1039, 4224, 4226, 4227, 4228, 4229]
[5816, 7729, 7733, 7734, 7735, 7736, 7738, 7739, 7740]
[3211, 1635, 6233, 6234, 6235, 6236, 6238, 10447, 10448, 10449, 10451, 10453, 10454, 10456, 10457, 10459, 10460]
[2661, 5137, 5166, 8270, 8271, 8272]
[6370, 6371, 6373]
[7529, 7530, 6822, 11439, 11440, 11441]
[857, 858, 862, 865, 867, 872, 873, 874, 878, 879, 881, 882, 884]
[944, 2651, 3323, 4957, 4958, 4960, 4961, 4963, 4965, 4966, 4967, 4968, 4970, 10286, 10287, 10288]
[936, 2278, 2868, 3393, 3394, 3396, 4795, 3825]
[1630, 4045, 4076, 4077, 4080]
[3315, 7142, 1007, 11971, 11973, 11974, 11975, 11977, 11978, 11979, 11980, 11982, 11984]
[2664, 6741, 7087, 7089, 7090, 7091, 7092, 7094]
[3662, 3671, 3672]
[5688, 12574, 12575, 12576, 12580, 12581, 12585, 12590, 12592, 12593, 12596, 12597, 12599]
[2183, 5328, 2402, 4174, 10906, 12041, 12043, 12044, 12045, 12046, 12048, 12049, 12050, 12051]
[887, 889, 891, 892, 896, 897, 899, 900, 902, 907, 908, 916, 918, 919, 922, 923, 933, 934]
[2766, 10200, 10202, 10203, 10205, 10206, 10207, 10208, 10210, 10211]
[4886, 4887, 4890, 4894, 4895, 4896, 6295, 7100]
[2308, 1835, 5558, 5559, 8191, 8192, 8194]
[6698, 6700, 9484, 9486]
[324, 1123, 1124]
[2972, 2974, 2975, 2976, 2977, 2979]
[2398, 3881, 4816, 4823, 4824, 4825, 4826]
[1903, 1904, 1905, 1908, 1909, 1910]
[318, 6360, 2837, 6572, 6824, 8097, 8803, 8804, 8805, 8807, 8808, 8809, 8810, 8813, 8822, 8823, 8824, 9982, 9983, 9984]
[8954, 8955, 8957, 8958, 8959, 8960, 8962, 12324, 12325, 12326]
[7550, 7554, 7568, 7570]
[1435, 1436, 1437, 1438, 1441]
[2229, 1424, 7013, 4245, 11272, 11273, 11274, 11276, 11277, 11278, 11279, 11281, 11284, 11285]
[534, 1446, 3270, 533, 1160, 4889, 6375, 6376, 6377, 6379, 6384, 6385]
[4885, 7041, 9745, 10362, 10364, 10366, 10367, 10369, 10370, 10371, 10372, 10375, 10376, 10377, 10378, 10380, 10381, 10695, 12022, 12023, 12024, 12025]
[2895, 2901, 2906, 2908, 2909, 2910, 2913, 2914, 2916, 2919, 2920, 2928, 2930]
[1990, 11275, 11916, 11917, 11918, 11919, 11921]
[2363, 827, 3673, 3675, 3679, 10283]
[219, 2981, 2982, 2983, 6044, 9948, 12362]
[6546, 2566, 7805, 7806, 7807]
[4577, 3095, 6017, 6217, 12184, 12188, 12189, 12192, 12194, 12196, 12198, 12201]
[2522, 2523, 2524, 2528, 2529, 2533, 2536, 2537]
[6976, 8711, 425, 9819, 9821, 9828, 9830, 9834]
[7304, 7305, 7306, 7307, 7309, 7310, 8948]
[3581, 12052, 12053, 12054]
[8638, 8639, 8642, 8643, 8644, 8646]
[885, 7070]
[439, 4911, 8442, 12239, 12246, 12247, 12251, 12253, 12256, 12257, 12258, 12263]
[3213, 2762, 7188, 7189, 7191, 7192, 7193, 7194, 7196, 7197, 7198, 7199, 7201, 7202, 7203, 7204, 7206, 7208, 7209, 7210]
[363, 2374, 2568, 2569, 2571, 2572, 2578, 2579, 2581, 12613]
[2752, 3685, 3686, 3687, 8061, 8062]
[7336, 7355, 11374, 11376, 11378, 11379, 11385, 11390, 11394, 11396, 11397]
[4261, 4263, 6825, 6827, 6828, 6830, 6831, 6832, 7939, 7940]
[1817, 7673, 7679, 7682, 7684, 7686, 7689, 7693, 7695, 7705]
[3535, 3538, 3539, 3540, 3541, 3543, 3548, 3550, 3553, 3555, 3558]
[8944, 9577, 9578, 9579, 9581, 9582, 9583, 9584, 9586, 9587]
[6584, 7439, 7440, 8987]
[2193, 2194, 2195, 2196, 2198, 2199, 2201, 2203, 2205, 2206, 2209, 2210]
[1849, 1945, 1946, 1947, 1948]
[8993, 8994, 8995, 8997, 8998, 8999, 9002]
[9779, 6027, 12642, 12643, 12644, 12645, 12647]
[1023, 1030, 1048, 1066]
[7866, 10113, 10115, 10124, 10132, 10133]
[1331, 2736, 2747, 2760, 4162, 5893]
[5058, 5572, 8811, 10702, 10703, 10705, 10708, 10710, 10712, 10713, 10714, 10715, 10717, 10719, 10720, 10723, 10725, 10727, 10730, 10732, 10733]
[1269, 3706, 10111, 10119, 10121, 10125, 10127, 10137]
[6959, 6960, 6961, 6965, 6967, 6968, 6969]
[3983, 11469, 11470, 11471, 11473, 11474, 11475, 11476, 11478, 11479, 11480, 11482]
[4102, 614, 5422, 7657]
[2583, 2584, 2585, 2587, 2588, 2589]
[4745, 5222, 5223, 5225, 5226, 5227, 5228, 5230, 5231, 5232, 5233, 5235, 5236, 5237, 5238]
[1801, 1809, 1818, 1823, 1824, 1828, 1829, 1831]
[6450, 8035, 10311, 10588, 10594, 10610, 10612]
[423, 9794, 9795, 9800, 9802]
[5668, 5669, 5670, 3610, 10489, 10490, 10491, 10492, 10496, 10497, 10498, 10499]
[3651, 3655, 3660, 3661]
[8620, 8621, 8622, 8623, 8625, 8626, 8627, 8628, 8630, 8631, 1248, 9950]
[2479, 9179, 9180, 9846, 9847]
[8827, 8828, 8829, 8830, 8835, 8836, 8837, 8838]
[7720, 7721, 7722, 7724]
[203, 352, 447, 210, 503, 507, 511, 351, 98, 1080, 1447, 2103, 2865, 5219]
[35, 3444, 10092, 10093, 10094, 10096, 10098, 10099, 10100, 10101]
[1458, 3512, 3514, 3515, 3516, 3517, 3519, 3520]
[37, 1150]
[5682, 5683, 5684, 5699]
[1339, 5338, 7746, 7747, 7748, 7749, 7751, 6095, 11759, 11763]
[1245, 1246, 3769, 3770, 8213, 8214, 8215, 8216, 8218, 8219, 8116, 10410, 10411, 10415, 10417, 10420]
[2944, 3591, 3592, 3593, 3594, 5675]
[3275, 8005, 5694, 5091, 7353, 11507, 11508, 11509, 11510, 11512, 11513, 11514, 11515, 11517, 11518, 11519, 11520, 11522, 11523, 11524, 11525, 11527, 11528, 11529, 11530]
[3509, 4130, 4316, 4317, 4319, 4320, 4321, 4322, 4326, 4327, 4329, 4332, 4333, 4334, 4335, 4337, 4338, 4339]
[4429, 7499, 5123, 9203, 9204, 9213, 9214, 9218, 9223, 9224, 9228]
[3232, 1186, 1628, 10392, 10393, 10394, 10395, 10397, 10398, 10399, 10400, 10402, 10403, 10405]
[9006, 9008, 9012]
[2104, 3970, 4013]
[145, 4217, 4679, 5973, 5974, 2659, 2676, 9321, 9325, 9326, 9327, 9328]
[4109, 4110, 4111, 11145, 8841, 11398, 11399, 11400]
[3603, 6833, 2018, 7474, 8898, 8899, 8900, 8901, 8903, 8904, 8905, 8906, 8908, 8909, 8910, 8911]
[1776, 2934, 4909, 8884, 9731, 9732, 9734, 9735]
[1891, 1893, 1897, 1898, 1900, 2276, 2521, 2953, 8489, 11290]
[329, 335, 2893, 2899, 2904, 2918, 2923, 2924]
[1578, 1579, 1580, 1581, 1583, 1584, 1585, 1586, 1589, 1590, 1591]
[3596, 10903, 12179, 12180, 12182, 12183, 12185, 12187, 12190, 12195, 12199]
[1888, 5056, 1418, 3590, 6986, 6988, 6989]
[4097, 2580, 12120, 12121, 12123, 12124]
[9738, 9953, 9954, 9955, 9956, 9958, 9959, 9960, 9961, 9963, 9964, 9965, 9966, 9968, 9969]
[3279, 3951, 3952, 3283, 5009, 5011, 5012, 5013, 5014, 5016, 5017, 5018, 5019, 5021, 5025, 5026, 5027, 5029, 5030, 5031]
[4253, 7745, 515, 10259, 10260, 10262, 10263, 10264, 10266, 10269]
[1762, 6865]
[1616, 6214, 6215, 6216, 6220]
[3934, 5614, 5615, 5616, 5618, 5619, 8231, 8232, 8233]
[4471, 4791, 4794, 4487, 5801, 7048, 7051, 7052, 7053, 7058, 7059, 7060, 7061]
[11413, 11418, 11420, 11422]
[1094, 1095, 9910, 9912, 9913, 9914, 9915, 9917, 9918, 9922, 9923, 12518, 12520]
[3420, 3422, 3427, 3429, 3431, 3433, 3438, 3441, 3443, 3445]
[2247, 2252, 2253, 2254, 2645, 3531, 3533]
[1685, 3980, 12622, 12626, 12627, 12631, 12632, 12633]
[1739, 1741, 1742, 1743, 1744, 1749, 1750, 1751, 1752]
[142, 143, 146, 156, 157, 158]
[1596, 12282, 12283, 12284, 12285]
[10116]
[3599, 3829, 3830, 3831, 3832, 3835, 3836, 3837, 3839, 3840, 3841, 3842, 3845]
[2938, 6104, 6105, 6106, 6108, 6109, 6110, 6111, 6113, 6114, 6115, 8196]
[5318, 5319, 5320, 5321, 5323, 5325, 5326]
[2493, 2494]
[2075, 4230, 4231, 4233, 6309]
[8029, 8497, 8498, 8500, 8501, 8502, 8503, 8505, 8506, 8508, 8509, 8513, 8514, 8515, 8516, 8518, 8519, 8520, 8521, 8523, 8524, 8525, 8527, 8529, 8530, 8531]
[226, 408, 792, 10360]
[2713]
[2853, 4913, 10151, 10152, 10153]
[11102, 11104, 11105, 11106, 11107, 11109, 11110, 11111, 11112, 11114, 11115, 11116, 11117, 11119, 11120, 11121, 11122, 11124]
[4296, 4297, 5621, 5622, 5623, 5625, 5626, 5627, 5628]
[4284, 4285, 4287, 4288]
[4064, 4999, 6366, 2729, 7895, 7896, 7897, 7898, 7900, 7901, 7904, 7905, 7907, 7908, 7909, 7911, 7913, 7914, 7915, 7916]
[2520, 422, 6273, 6274, 6277, 6278, 6279, 6280, 6283, 6284, 6285]
[4613, 4615, 4616, 4617, 4618]
[448, 449, 451, 452, 453, 455, 479, 480, 482, 484, 485]
[7977, 9753, 9754, 9992, 9993, 9994, 9996]
[10427, 10429]
[1902, 4279, 4280, 4281, 4283]
[7810, 7825, 7827, 7829, 7830, 7834, 7837, 7842]
[2057, 2058, 2060, 2061, 2062, 2063, 2065, 2070]
[2660, 2663, 2667, 2668, 2669, 2671, 2673, 2674, 2678, 2684]
[168, 171, 4412, 4417, 6145, 6146, 6147, 8554]
[2213, 4307, 4328, 3073, 6820, 6821]
[12638, 12639, 12641]
[5112, 11055, 11056, 11057, 11101]
[1887, 7783, 11446, 11447]
[10071, 10072, 10074, 10075, 10076, 10077, 10079, 10080]
[1964, 12125, 12126]
[538, 10734, 10737, 10738, 12014, 12015, 12016, 12018]
[4939, 4940, 4070, 12208, 12209]
[2266, 4676, 6641, 8258, 8259, 8260, 8261, 8263, 8264, 8265, 8266, 8268, 8269]
[687, 4158, 6388, 6392, 6393, 6395, 6399, 6402, 6404, 6405, 6407, 6409]
[2056, 5190, 5803, 5804, 5883, 6304, 6645, 6646]
[528, 849, 2204, 4802, 6925, 3527, 5331]
[197, 3023, 3024, 3025, 3027, 7460, 7462, 7463, 7464]
[10158, 10159, 10161, 10164]
[1445, 2200, 8007, 8008, 8010]
[1505, 7640, 7641, 7642, 7644, 7645, 7646, 7647, 6962, 9997, 9998]
[1291, 1293, 1298, 1299, 1300, 1301, 1303, 1304, 1306, 1309, 1314, 1315, 1318, 1320]
[6786, 6787, 6789, 6790, 6791, 6792]
[2121, 2123]
[2003, 2005, 2012, 3499, 5524, 7862, 7863, 7865]
[2216, 2218, 2692, 3521, 5418, 5419]
[362, 3029, 3032, 3034, 3035, 3036, 3040]
[3111, 3113, 3114, 7378, 7379, 7380, 7381]
[3269, 3273, 3274, 3949, 2197, 4532]
[9091, 9092, 9093, 9113, 9117, 9120, 9122, 9123, 9124]
[659, 3826, 7775, 7071, 779, 9345, 11349, 11351, 11352, 11353, 11354, 11356, 11357, 11929, 11930]
[5050, 5052]
[795, 10895]
[3618, 3620, 3621, 3623, 3624, 3627]
[1194, 1197, 1199, 1200, 1201, 1202]
[3424]
[670, 10057, 10059, 10060, 10551, 10552, 10553]
[1103, 1104, 1105, 1107, 7584, 7585]
[1640, 7664, 7665, 7666, 10632, 5220, 7147]
[3368, 8951, 8953]
[4829, 4830, 381, 5520, 5521, 5522, 5523, 5525, 5948, 5950]
[287, 2403, 6882, 6884, 8966, 8967, 8968, 11449]
[3609]
[3347, 5033, 7396, 11247, 11248, 11249, 11250]
[2658, 7555, 7560, 7576, 7579]
[10270, 2633, 10818, 12455, 12456, 12457, 12458, 12460, 12461]
[7253, 7254, 7255, 7256, 7258, 7259, 7260, 7261, 7264, 7276, 7277, 7281]
[20, 120, 299, 27, 826, 836, 104, 62, 144, 1738, 1796, 302]
[762, 2021, 2054, 2055, 2419, 2426]
[7750, 7770, 7772, 7773, 7774]
[2069]
[2257, 2258, 2259, 2260, 2262, 2263, 2265, 2268, 2675, 6148]
[1869, 9973, 10201, 4349, 3117, 12411, 12412, 12413, 12414, 12416, 12417, 12418, 12419, 12421, 12422, 12423, 12424, 12426, 12427, 12428, 12429]
[1004, 5863, 5864, 5865, 5866]
[6991, 9292, 9294, 9296, 9303, 9304, 9306]
[6619, 6620]
[4796, 4797, 4798, 4800, 4801, 12395, 12397]
[2337, 6495, 12479, 12481, 12484, 12487]
[549, 2343, 2344, 2615, 4882, 4884, 7537, 7538, 7542, 9491]
[10993, 10997, 11001, 11004, 11009, 11011, 11012]
[201, 3495, 3496, 4418, 4711, 4712, 4714]
[3285, 6874, 3698, 1235, 7408, 7410, 7411, 7412, 7413, 7415, 7416, 7417, 7418, 7420, 7421, 7422, 7423, 7425, 7426, 7427, 7428, 7430, 7431, 7432, 7435, 7436]
[1226, 6387, 6390, 6394, 6397, 6398, 6400, 6403, 6408, 6410]
[4675, 4678, 7593, 10086, 10087, 10088]
[2373, 6162, 6164, 6165, 6166, 6167, 6169]
[9926, 9927, 9928]
[1366, 4868, 7433, 12331, 12332, 12334]
[7809, 7811, 7815, 7819, 7821, 7822, 7831]
[4513]
[1247, 3189, 1722, 3704, 5055, 5315, 5632, 3265, 6368, 7069, 9244]
[2594, 2595, 2597, 2599, 2600]
[9067, 9068, 9069]
[700, 1951, 1955, 3863, 4930, 11330, 11898]
[92, 7582, 5881, 10871, 10873, 10874, 10875, 10876, 10878, 10879, 10880, 10881, 10883, 10884, 10885]
[648, 734, 6972, 6973, 6974, 6975]
[2861, 2862, 2863, 9722, 9723, 9725, 9726]
[213, 513, 839, 1492, 844]
[2697, 10139, 10140, 10141]
[3534, 3536, 3544, 3549, 3551, 3554, 3556, 3559, 3560]
[4010, 4011, 4012, 4016, 4017, 4018, 4019]
[1313, 3174, 1317, 5425, 5426, 5427, 5428, 5430, 5431, 5432, 5433]
[3352, 11367, 11368, 11369, 11371, 11372]
[2737, 2740, 2742, 2751, 2753, 2754, 2757, 2758, 2759, 2764, 2765, 2767, 2769, 2770, 2772, 2773]
[1569, 2512, 2513, 2515, 2516, 2517, 2518]
[4855, 4856, 4857, 4858, 4860]
[9651, 9652, 9653, 9654, 9658, 9659, 9660, 9661, 9663, 9664, 9666, 9670]
[280, 281, 284, 288, 289]
[2275, 2394, 5210, 5242, 5243, 5498, 8461]
[1380, 4235, 4236, 4237, 4240, 4242, 4243, 4246, 4247, 4248, 4249, 4251, 4252, 4254, 4256, 4257]
[10642, 10643, 10644, 10645, 10647, 10648, 10649, 11691, 11692]
[2538, 2539, 2540, 2541, 2543, 2544, 2545, 2546, 2549, 2550, 2553, 2554, 2555, 2557, 2559]
[8446, 8448, 8449, 8450, 8451]
[2734]
[1850, 4747, 4748, 4750, 4752, 4754, 4756, 4758, 4759, 4763, 4764]
[2380]
[74, 309, 368, 396, 570, 608, 714, 819, 17, 1483, 2101, 2102, 9612]
[12, 8242, 12431, 12432]
[3882, 3884, 3885, 3886, 3887, 3889, 3890, 3891, 3892, 3894, 3895, 3896, 8429, 8430]
[9783, 9784, 9786, 9787, 9788, 9789]
[3255, 10908, 10909, 10912, 10913, 10914, 10915, 10917]
[2551]
[11130, 11132, 11133, 11134, 11135]
[2816, 2817, 2820, 2821, 2829]
[6174, 6175, 6179, 6181, 6182, 6193, 6196, 6201, 6202, 6207, 4290]
[1072, 1073, 1077]
[7636, 8392, 8615, 11485, 11487, 11488, 11489, 11490, 11492, 11493]
[3601, 3604, 3607, 3608, 3611, 3612, 3613, 3614]
[3972, 4665, 5845, 6482, 6484, 6485, 6486, 6487, 6489, 6492, 6496, 6497, 6499, 6500, 6501, 6502, 6504, 6505]
[2577, 9233, 9240, 9241]
[3018, 3398, 3399, 3401, 3403, 3404, 3405, 3406, 3408, 3409, 3413, 3414, 3415, 3416, 3418, 3419]
[1899, 2605, 4668, 4669, 4670]
[3022, 3253, 2990, 7072, 7073, 7074, 7075, 7077, 7079, 7080, 10303, 10304, 10306, 10307, 10308, 10309]
[11645, 11652, 11662]
[5275, 9699, 10953]
[3236, 7741, 8326, 8331, 8334, 8335]
[6562, 6564, 6570, 6575, 6578, 6581, 6582]
[3557, 11336, 11337]
[1425, 10847, 10848, 10850, 10851, 10853]
[406, 2172, 2877, 2880, 8546]
[4301, 9144, 9919, 11591, 1281, 9921, 12132, 12133, 12134, 12136, 12137, 12138, 12140, 12143, 12144, 12147, 12148, 12152, 12153, 12155]
[5678, 5791, 5909, 5911, 5912, 5913, 5914, 5916, 5917, 5918, 5919, 5921]
[977, 979, 984, 985, 986, 987, 990, 992]
[9463, 9464, 9467, 9470]
[2324, 10991, 10994, 10996, 10998, 11003, 11006]
[12026, 12027, 12029, 12030, 12032, 12034, 12036, 12038, 12039, 12040]
[1181, 11163, 11164, 11166, 11169, 11170, 11171, 11859, 11860]
[5368, 5376, 5381, 5382, 5385, 5388, 5390, 5396]
[4927, 9674, 9679, 9682, 9684, 9687, 9688]
[2279, 1086, 3568, 11956, 11957]
[2273, 9803, 9804, 9807]
[1800, 1808, 1825, 1826, 1830]
[5712, 5714, 5715, 5716, 5717, 5720, 5721, 5722, 5723, 5726]
[1952, 4590, 5251, 5252, 5255, 11293, 11561, 11563, 11566, 11568, 11569]
[1771, 3724, 3725, 3729, 3731, 6144, 12399]
[712, 736, 842, 183, 1252, 1354, 2079, 3240, 4549, 8802]
[7020, 7021, 7022, 7024, 11722, 11723, 11724, 11726]
[1384, 1633, 1639, 2804, 9005, 9692, 9375, 9842, 9843, 9844]
[5674, 5702, 5933, 5939]
[6028, 7817, 7835, 7840, 7841, 7846, 7847]
[4344, 7238, 7239, 7241, 7244, 7245]
[1847, 7864, 9143]
[6053, 6056, 6057, 6072, 6073, 6077, 6078, 6079]
[5997, 5977, 6607, 6610, 6615, 6617, 6618, 3676, 8052, 8053, 8055, 8056, 8057, 8058]
[765, 766, 768, 770, 771, 772, 773, 775, 776, 777, 780, 782, 785, 786, 789, 1464, 1465, 1466]
[3171, 3172, 5731, 5732, 5733, 5735, 5738, 5739, 11333, 11334, 11335]
[9489, 9490]
[115, 4507, 4511, 4512, 4514, 4517, 4518, 4519, 4521, 4524, 4525, 4529]
[2107, 2108, 2109, 7652, 7653]
[4883]
[1853, 11618, 11620, 11621, 11622, 11623, 11625]
[11404, 11405, 11407, 11408]
[939, 940, 942, 943, 947, 950, 951, 952, 3552, 8556, 8558, 8559, 8560, 8562, 8564, 8565, 8566, 8567]
[637, 644, 645, 647, 649, 650, 652, 655, 660]
[3242, 7441, 7442, 7443, 7445, 7446, 7447, 7448, 7450, 7451, 7452, 7453, 7455, 7526, 11401, 11402, 11403]
[2053, 6936, 7288, 7289, 7290, 7291, 7293, 7294]
[3530, 7302, 8547, 8548, 8549, 8551, 8552, 8553]
[2415, 8032, 8033, 8473, 8474, 8475, 8477, 8478, 8479, 8480, 8482, 8483]
[6900, 6510, 10231, 10232, 10233, 10234, 10236, 10237, 10238, 10239, 10241, 10242, 10243, 10244, 10246, 10247, 10248]
[4368, 9085, 10992, 10999, 11002, 11007, 11008]
[1218, 3007, 3381, 3382, 3384, 3385, 3126, 5847, 5849, 5850, 5851, 7078, 2224, 8088, 8089, 8090, 8093, 8094]
[2507, 2508, 2509, 2510, 3238, 2386, 5463, 11584, 11585, 11586]
[7667, 5691, 9335, 9336]
[5786, 6686, 9315]
[11409, 11414, 11415, 11423, 11429]
[5620, 5653, 5654, 5656, 5657, 5658, 5659, 5661, 5662, 5663, 5664, 7524, 7525]
[2404, 2405]
[402, 1393, 5766]
[1912, 2616, 2617, 2619, 1091, 2785, 3870, 3873, 3874, 9756]
[4589, 628, 696, 2575, 3779, 4921, 4922, 4923, 4924, 4926, 4928, 4929, 4931, 4932, 4933, 4934, 12525, 2188, 12529, 12530, 12531, 12533]
[2903, 3124, 3133, 3135, 3137, 3138, 3140, 3141, 3143]
[3120, 4760, 7879, 7881, 7882, 7883, 7884, 7886, 7887, 7888]
[4602, 4603, 4604, 4607, 4608, 4609]
[1209, 2511, 11636, 11637, 11639, 11640, 11642]
[1364, 129]
[2614, 3142, 1845, 3243, 3774, 9170]
[301, 4209, 29, 305, 4742, 4743]
[996, 1316, 1731, 1732, 1733, 315]
[1326, 1327, 1328, 2105, 4554, 6993, 6994, 6995, 8206, 8207, 8208, 8209, 9142, 9522, 9855, 10106, 11050]
[5894, 7234, 9530, 9531, 9532, 9534, 9535, 9536, 9537]
[357, 509, 1355, 1473, 164, 1970, 1880, 3145, 3146, 3775, 3955, 2638]
[3359, 3360, 3361, 3363, 3365, 3369, 3371, 3372, 3377]
[5182, 5637, 5638, 5640, 5641, 5642, 5643, 5645, 5647, 5651]
[3926, 9013, 9019, 9026, 9027]
[9239, 3790, 8034, 12435, 12436, 12437, 12440, 12441, 12442, 12443, 12445]
[3332, 3595, 6341, 6342, 6344, 6345, 6346, 6347, 6349, 6350, 6351, 6352, 6354, 6355, 6359, 6362, 6364, 6365]
[3702, 4041, 4043, 4044, 4048, 4049, 4050, 4051, 4415, 9908, 12470]
[2882, 3316, 3395, 4901, 11951, 11952, 11953, 11954]
[100, 101, 112, 113, 114, 117, 119]
[6826, 3759, 7678, 11216, 11218, 11219]
[9037, 9039, 9063]
[7265, 7266, 7267, 7269, 7270, 7271, 7272, 7275, 7278, 7280, 7282, 7283]
[715, 4161, 6652, 6656, 6657, 6661, 6665, 6667, 6669, 6671, 6674, 6682, 6683, 6684, 6685]
[3166, 2256, 9700, 9702, 9703, 9704, 9705]
[4897, 9574, 11323, 11324, 11325, 11740, 11744, 11745]
[627, 1680, 1681, 4291, 4292, 4294, 2384, 7797, 7800, 7801, 7803, 7804]
[569, 483, 991, 1754, 2097, 2334, 1911, 2563, 2887, 3245, 3252, 3310]
[626, 2485, 10680, 10681]
[94, 95, 96, 97, 99]
[3797, 3799, 3800, 3801, 3802, 3804, 3805]
[5560, 6286, 6287, 6289, 6290]
[400, 686, 1294, 1308, 2665]
[167, 231, 349, 481, 356, 640, 847, 5366, 5923, 6970]
[530, 5706, 5707, 5708, 5709, 5711]
[446, 1962, 7878, 9184, 9185, 9186, 9187]
[9565, 10504, 10505, 8201, 11581, 11582, 11583]
[9340, 9342, 9343]
[4861, 4862, 4864, 4866, 4869, 4870, 4872, 4873, 4874, 4875, 4878, 4880]
[4114, 4846, 4849, 4852, 5633, 5634, 5636, 8965]
[180, 186, 194, 178, 750, 198, 1222, 1539, 1843, 3121, 738, 6161, 6225, 8490, 10805]
[4777, 4778, 4779, 7466, 7467, 7470]
[8394, 8395, 8396]
[4340, 6982, 6983, 8253, 1837, 11688, 11689, 11690]
[4976, 4977, 4978, 5608, 5610, 11040, 11041, 12472, 12473]
[3132, 8914, 8915, 8916, 8917, 8919, 8920, 8921, 8922, 8924, 8925, 8926, 8927, 8929, 8930, 8931]
[3652, 3656, 3667, 3669]
[2727, 2728, 2733]
[1684, 1700, 1704, 1713, 1715, 1718, 1719]
[4854]
[3217, 3218, 3221, 1125, 4435, 4436, 4438, 5193, 5497, 2425, 7250]
[6444, 6445, 6446, 6448, 6449]
[6369, 7869, 7870, 7871, 7874, 9920, 10436]
[3946, 3947, 3948, 4397, 4952, 4954, 4955, 4956, 5124, 10559, 11771, 12406, 12407, 12408]
[3965, 9359, 9360, 9361]
[4152, 5371, 5377, 5386, 5387, 5391, 5395, 5397]
[1503, 5303, 7108, 11738, 12534, 12535, 12536, 12538, 12539, 12540, 12541, 12543, 12544, 12546, 12547]
[11574, 11575, 11577, 11578, 11579]
[3481, 12476, 12477]
[261, 518, 3585, 10962, 5944, 11190, 11194, 11195, 11196, 11202, 11210, 11211, 11214]
[2969, 6642, 8110, 8111, 8113, 9291]
[4216, 4218, 4220, 4221, 4222, 4223]
[3204, 9676, 9678, 9681, 9685, 9689, 9690]
[2096, 1890, 1482, 2092, 3700, 3703, 3705, 3707]
[214, 774, 1395, 3334]
[1376, 1377, 1379, 1381, 1385, 1386, 1389, 1394, 1396]
[4367]
[783, 2640, 3314, 3546]
[140, 541, 698, 754, 159, 3577, 3834, 2608, 6243, 10434]
[18, 25, 85, 90, 121, 184, 292, 321, 83, 1351]
[5795, 5796, 5797, 5798, 5800, 5802]
[1965, 520, 10743, 10748, 10749, 10750, 10752, 10753, 10755, 10757, 10758]
[711, 1025, 1031, 1042, 1090, 5258, 5259]
[5540]
[348, 350, 353, 355, 359, 365, 367, 369, 372, 373, 374, 3877, 3878]
[3271, 6142, 6143, 3335, 2317, 8885, 8886, 8887, 2801]
[4270, 6168, 7034, 7036, 7037, 7038, 7039, 7042, 7043, 7044]
[1434, 4431, 4432, 4433, 9780, 9781]
[3580, 3582, 5104, 11790]
[2221, 2222, 2223, 2226, 2227, 2228, 2230, 6604, 6605]
[3012, 3452, 3453, 4551, 4552, 9081, 9708, 9709, 9710]
[4477, 10439, 10440, 10442, 10443, 10445]
[2025, 3792, 5412, 5413, 12369]
[1096, 1097, 1098, 1099, 1101, 1102]
[8247, 10938, 10940, 10941, 10943, 10950, 10951]
[10585, 10589, 10590, 10595, 10599, 10606]
[2008, 2985, 3019, 3280, 3281, 3282, 3284, 3286, 3289, 3290, 3291, 3294, 3295, 3296, 3297, 3299, 3300, 4357]
[208, 209, 358, 639, 689, 1295, 1311, 1319, 2806, 215, 3241, 3917, 3958, 12066]
[10002, 10005, 8517, 11061]
[1157, 1168, 1170, 1172, 1177, 1178, 1183, 1185, 1188, 1190]
[9427, 9429, 9431, 9432, 9434, 9438, 9441, 9442, 9449, 9452, 9454]
[3924, 3928, 3929, 3930, 3931, 3936]
[286, 9764, 9765, 9766, 9767, 9769, 9770, 9771, 9772, 9774, 9775, 9776, 9777]
[2775, 2777]
[291, 727, 2372, 2375, 2376, 2377, 2378, 4215, 5217, 7612, 11643, 2701, 6885, 12077]
[9028, 9029]
[4811, 4815, 4942, 8385]
[3545, 1512, 6939, 6940, 6942]
[709, 1024, 1026, 1028, 1032, 1035, 1040, 1041, 1045, 1046, 1070]
[1268, 4166, 4167, 4168]
[6853, 6854, 6855]
[2020, 9014, 9015, 9017, 9020, 9025]
[3186, 9524, 9525, 9526]
[366, 487, 488, 489, 490, 2477]
[65, 523]
[390, 392, 397, 6981, 9543, 9546, 9548, 9549, 12128, 12129]
[1812, 3564, 5527, 5528, 5529]
[2465, 4308, 4899, 9866, 9867, 9868]
[811, 7124, 7125, 7126, 7129, 7130, 7131, 7132]
[56, 88, 604, 545, 275, 2246, 2239, 2609, 3234, 1106, 6576, 2274, 8060]
[6091, 7659, 7660]
[3462, 4648, 4656]
[5329, 5821, 5824, 5827, 5828, 5830, 5831]
[7113, 7114, 7116]
[2475, 2476, 4112, 7179, 2535, 9806, 12237, 12238]
[2336, 2443, 9076, 10692, 10693, 10694, 10696]
[2534, 2836, 6383, 6560, 6566, 6571, 6583]
[1474, 1475, 2190, 4052, 2189]
[797, 2699, 2702, 2720, 4081, 6886, 9492, 9494, 9495]
[5740, 11326, 11327, 11329]
[61, 575, 602, 607, 610, 612, 613, 1480, 1536, 3922]
[8595, 10032, 10033, 10036, 10037, 10038, 10045, 10047, 10048, 10049, 10050, 10052, 10053, 10054, 10055]
[9810, 9811, 9812, 9813, 9815]
[2636, 2639, 2641, 2642, 2653, 2654, 2655, 2656]
[93, 3907, 3908, 3911, 3912, 3913, 3915, 3916, 3918]
[1414, 5135, 5141, 5147, 5150, 5156, 5163, 5165, 5170]
[7213, 7214, 7215, 7224, 7226, 7227, 7231]
[5501, 5502, 5503, 5504, 5506, 5507, 5508, 5509]
[10532, 10534, 10537]
[2438, 2439, 2444, 2449, 2450, 2451, 2453, 2454]
[2811, 3726, 8741, 10478, 10479, 10480, 10481, 10483]
[1772, 1773, 1774, 1775, 1779, 1780, 1781]
[5464, 5465, 5467, 5468, 5469, 5470, 5472, 5473, 5474, 5475, 5477, 5478, 5479, 5480, 5482, 5483, 5484, 5485, 5487, 5489, 5490, 5491]
[8401, 8402, 8403, 8405, 8406]
[8728, 8729, 8731, 8732, 8733, 8734, 8990]
[1958, 1959, 1960, 1961, 2779, 2780, 2781, 2786, 2787, 2788, 2789, 2791, 2792, 5747, 5748, 11089]
[3968, 5530, 6026, 7040, 7995, 7997, 7998, 7999, 8000, 8003, 8004]
[5254, 8491, 10421, 10422, 10423, 10425, 10426]
[7117, 7119, 7121, 7122, 7123]
[5316, 816, 6007, 6008, 6009, 6011]
[794, 4117, 4118, 4119, 4122, 4123, 4124, 4125, 4127, 4128, 4129]
[2136, 2137, 2138, 2140, 2141, 2142, 2143, 2145, 2146, 2147, 2148, 2150, 2151, 2152, 2153, 2155, 2156, 2157, 2158, 2160, 2161, 2162, 2163, 2165, 2167, 2168, 2170, 2171]
[2113, 3561, 116, 4258, 4259, 4262, 4264, 4266, 4267, 4268, 4269, 4271, 4272, 4273, 4274, 4276, 4277]
[5005, 5006, 5007]
[1641, 7181, 7184, 10222, 10223, 11062, 12157]
[3605]
[4792, 6561, 6565, 6567, 6569, 6577, 6580]
[5969, 5971, 5862, 10021, 10022, 10023, 7045, 10887, 10888]
[4583, 4584, 4587]
[206, 228, 234, 370, 401, 405, 508, 524, 238, 781, 1477, 1753, 2700, 6103]
[1359, 2459, 2460, 2461, 761, 3116]
[6102, 10297, 10298, 10300, 10301, 10302]
[2808, 5873, 5874, 5877, 5878, 5879, 5880, 5882, 9176]
[87, 227, 1323, 3047, 6648, 11547]
[165, 665, 3008, 3364, 3366, 11884, 11885, 11886, 11888, 11889]
[4540, 4541, 4542]
[1221, 2225, 2361, 3054, 5617, 10556, 10558]
[3455, 3456, 3460, 3461, 3465, 3466, 3468, 3470, 3472, 3473, 3475, 3476, 3477, 3478]
[7986, 7987, 7989, 7990, 7991, 7992]
[521, 31, 1949, 6857, 6858, 6859, 6861, 6862, 6863, 6864, 6866, 6867, 6868, 6870, 6873, 6875, 6876]
[1554, 2457, 4904, 4905, 4906, 8668, 12548, 12549, 12550, 12552, 12553]
[5630, 5631]
[4834, 6526, 9613, 9615, 9616, 9619, 9625]
[5818, 5819, 6515, 6516, 6517]
[1207, 1629, 1631, 1637, 9285, 9857, 9858, 9859, 9861, 9862, 9863, 9864]
[147, 974]
[1530, 1994]
[2100, 8669, 9372, 9373, 9374, 9376]
[10777, 10778]
[3897, 3899, 3900, 3901, 3902]
[3224, 3225, 5756, 7918]
[1645, 1646, 1649, 1655, 1656, 1657, 1659, 1661, 1665, 1667, 1669, 1672, 1675, 1677, 1679]
[810]
[80, 1468, 1892, 3524, 4588, 6012, 9172]
[2358, 3721, 9793, 9797, 9798, 9799, 9805, 9808]
[4585, 10891, 10892, 10893]
[7812, 7820, 7826, 7845]
[1535, 1856, 8875, 8876, 8877, 8878, 8880, 8881, 8883]
[3200, 9569, 12480, 12483, 12485, 12489]
[2315, 2590, 2591, 2593, 8943, 8945]
[10333, 10335, 10348]
[832, 837, 840, 841, 846, 4671, 4672, 4788, 4789, 4790, 6022, 5982, 8297, 8298, 6454, 10684]
[4430, 6555, 6556, 6557, 6558]
[1983, 1984]
[3632, 3633, 3634, 3635, 3637, 3638, 3639, 3640, 3642, 3643, 3644, 3645, 3647, 3648, 3649, 3650]
[4454, 4455, 4456, 4457, 4459, 4460, 4461, 4462, 4464, 4465]
[6228, 6229, 6230, 6231]
[1212, 2009, 2010, 2726, 4620, 4621, 5889, 9183, 9528, 10679]
[1083, 2393, 2395, 2396, 1638, 4300, 4303, 6621, 7236, 9759, 10013, 11923]
[671, 778]
[1085, 1223, 1224, 1227, 1228, 1229, 1231, 1233, 1234, 1239, 1242, 1243, 1244, 11819, 11820]
[6474, 6475, 6476]
[1613, 3795, 3796, 1745, 7296]
[1089, 2784, 4568, 4569, 4570, 4572, 4573, 4574, 4575, 4578, 4579, 4580, 4582, 6156, 6157, 6158]
[605, 3511, 5687, 6327, 6332, 6335, 6336, 6337, 6339]
[13, 21, 23, 33, 46, 187, 233, 391, 935, 1534, 393, 557, 3048, 1995, 3562, 6979]
[3458, 3463, 3471]
[398, 825, 22, 2525, 2360, 1457]
[36, 40, 41, 43]
[7, 82, 89, 2, 828, 376, 1365, 1433, 1683, 4354, 10739]
[4908, 4916, 4917, 4918, 4919, 9265, 9367, 9368, 9369, 9370]
[342, 6678, 7516, 7518, 7519, 7520]
[1459, 1460, 1462, 1141, 12559, 12560, 12561]
[3055]
[1644, 1513, 7960, 7962, 7967, 7972, 7979]
[1975, 4208, 6623, 6625, 6626, 6627]
[5949, 6529, 12055, 12057, 12058, 12059, 12060, 12062, 12063, 12064, 12065, 12616, 12617, 12618]
[760, 2480, 2481, 2483, 3794]
[5947, 11994, 11995, 11998, 11999, 12001, 12002, 12003, 12006, 12008, 12009, 12011]
[343, 424, 1682, 2986, 235, 6695, 7033, 10138]
[1109, 1110, 1111, 1112, 1121, 1122, 1126, 1137, 7937, 7938]
[5402, 5403, 5404, 5408, 5410]
[2943, 6957, 6958, 8114, 8115, 8118, 8121, 8122, 8123, 8124]
[8375, 8376, 8378, 8379, 8380]
[1966, 1968, 1969, 1971, 1972, 1974, 1976, 1977, 1981]
[10808, 10809, 10811, 10814, 10815]
[2417, 2420, 2421, 2422, 2424, 2427, 2428]
[124, 7456, 7457, 7458, 7941, 7942, 7943, 7944]
[5841, 3266, 8650, 8651, 8652, 8656, 8657, 8658, 8659, 8662]
[212, 217, 221, 222, 223, 224]
[1560, 4915, 5083, 5094, 6796, 6800, 6801, 6802, 6803, 6807, 6808, 6810, 6811, 6817, 6819]
[3664, 3479, 4622, 4623, 4625, 4627, 4628, 4630, 4632, 4633, 4635, 4636, 4638, 4640, 4643, 4646, 4649, 4658, 4659]
[4022, 4023, 4024, 4026, 4027]
[5066, 5067, 5068, 5069, 5986, 11091, 11092, 11094, 11096, 11097, 11098, 11099]
[737, 2067, 4090, 4091, 4092, 4093, 4096, 4098, 4099]
[5885, 5887, 5888, 5890, 5891]
[8079, 12176, 12178]
[2238, 3807, 9639, 9640, 9641, 9642]
[633, 636, 654, 657, 658, 664, 1088, 1087, 2007, 2099, 701, 1204, 3397, 2348, 5992, 6716]
[4606, 5324, 7813]
[5054, 2835, 10383]
[1632, 7240, 9192, 9938, 9940, 9941, 9942, 9943]
[200, 653, 2430, 8946, 10284, 11184]
[9103, 10657, 10659, 10662, 10665, 10668, 10669, 10670, 10671, 10675]
[6256, 6257, 6259, 6261]
[73, 169, 1249, 1250, 2013, 3588, 2000]
[9558, 11410, 11419, 11424, 11425, 11430, 11431]
[8882]
[9146, 9929, 9933]
[6540, 6541, 6545, 6552, 6553, 5976, 7297, 7300]
[7760, 7761, 7762, 7764, 7765, 7766, 7767]
[10466, 10467, 10468, 10471, 10472, 10473, 10474, 10476]
[179, 345, 835, 1430, 3233, 3333, 7098, 11789]
[3173, 3176, 3178, 3179, 3181, 3182, 3184, 3187, 3188, 4084, 4085, 4088, 4089]
[2191, 4421, 4422]
[3268, 8840, 8843, 8844, 8845, 12465, 12466]
[843, 2694, 2695, 2696]
[9818, 9820, 9823, 9824, 9825, 9826, 9829, 9831, 9833]
[232, 642, 662, 730, 2349, 3246, 3999, 4312, 4313, 4315]
[347, 354, 724, 1237, 1735, 2998]
[4413, 10016, 10017, 10018, 10019]
[1285, 1287]
[3654, 3659, 3665, 3666, 3670]
[9075]
[2805, 6934, 9089, 9416, 9417, 9418, 9421, 9422, 9423, 9424]
[78, 127, 181, 601, 1211, 3507, 6726]
[2093, 5301, 10186, 10828, 10829, 10832, 10841, 10844, 10846]
[2166]
[2793, 12170, 12171, 12172, 12173, 12175]
[1588, 2411, 3821, 4557, 4558, 4559, 4560, 4562, 4563, 4564, 4565]
[845, 3467]
[5317, 12266, 12269, 12273, 12277, 12278, 12281]
[2620, 2621, 2622, 2623, 2625, 2626, 11613, 11614, 11615, 11616]
[1236, 3600, 822, 8234, 8236, 8237, 8238, 8239]
[4962, 10772, 10774, 10775, 10776]
[2662]
[6728, 6731, 6733, 6734, 6736, 6740]
[7953, 7955, 7964, 7965, 7968, 7975, 7976]
[134, 388, 1426, 2464, 728, 4053, 4497]
[1734, 2335, 4157, 8095, 8096, 8098, 8099]
[720, 764, 1609, 2081, 6509, 7487, 2611, 8663]
[755, 756, 1443, 1531, 1284, 2693, 4008, 9348, 9760]
[3457, 684, 6425, 9880]
[4499, 4501, 4502, 4503, 7669]
[290, 6573, 7333, 7334, 7335, 7337, 7338, 7339, 7340, 7342, 7343, 7345, 7346, 7350, 7352, 7360]
[2873, 5667, 11498, 11863, 11864, 11865]
[5059, 5060, 5061]
[7155, 7156, 7158, 7160, 7162]
[8861]
[1205, 3028, 2456, 11154, 11155, 11156, 11157]
[3814, 5072, 5074, 5075, 5076, 5077, 5079, 5081, 5082, 5084, 5086, 5090, 5093, 5098, 5099, 5100, 5101]
[1159, 2628, 1834, 4943, 4944, 4945]
[582, 584, 586, 587, 590, 597]
[1728, 2612, 1836, 4530, 4545, 7103, 9198]
[1421, 4083, 4805, 4806, 4808, 4810, 6263, 6264, 6266, 6268]
[7551, 7552, 7556, 7563, 7567, 7569, 7572, 7574, 7578, 7580]
[740, 744, 745, 746, 752, 1280, 4837]
[442, 757, 821, 1017, 1302, 1943, 1322, 160, 2489, 4396, 4684, 5407]
[10798, 10799, 10800, 10802, 10803, 10804]
[1997, 1999, 8210, 10156, 10157, 10462]
[9740, 9741, 12159, 12160, 12162, 12164]
[2531]
[2174, 2175, 2176, 2177, 2179, 2180, 2181, 2184, 2186, 2187]
[2500, 2502, 6946, 6948, 6949, 6951, 6954, 6955]
[6031, 6032, 11450, 11451, 11452, 11453, 11455, 11456]
[1538, 5199, 7465, 5389, 8158, 8159, 2362, 11246]
[2462, 4995]
[3617, 7031, 7032]
[3822, 3823, 3824, 3827]
[11023, 11024]
[407, 411, 413, 420, 421, 436]
[739, 4, 1372, 1373, 1533, 1532, 619, 2087, 430, 4996, 4998]
[838, 6036, 6043, 6046, 6048, 6051]
[1926, 1927, 1928, 1930, 1931, 1932, 2963, 2964, 2965, 2967, 2968]
[3982, 6427, 6428, 6431, 6432]
[5140, 6291, 6292, 6293, 6294, 6296, 6297, 6298, 6299, 6301]
[803, 609, 3709, 3710, 3711, 3715, 3717, 3718, 3720, 3723]
[24, 39, 49, 202, 193, 346, 1727, 9151]
[6037, 6038, 6040, 6041, 6042, 6045, 6047, 6050]
[2670, 9727, 9728, 9730, 12089, 12091]
[409, 848, 1286, 2573, 12563, 12564]
[1078, 10620, 10621, 10622, 10624, 10625, 10626]
[3523, 4470, 4473, 4474, 4488, 4489, 4491, 4492]
[2269, 2270, 2271]
[79, 84, 81, 185, 195, 389, 296, 855, 1844, 3061, 8696, 9743]
[5034, 5035, 5038, 5039, 5040, 5042, 5044]
[3215, 3421, 3425, 3426, 3430, 3435, 3436, 3437, 3440, 3442]
[1158, 1162, 1163, 1165, 1176, 1187]
[4356, 7777, 7780, 7781, 7782, 9560, 9562, 9563, 9564, 9566, 9567]
[285, 360, 527, 105, 611, 713, 799, 850, 1495, 2637, 2796, 3572]
[6835, 6836, 6837, 6839, 4660, 9751, 10686, 10687, 10688, 11467]
[6701, 6702, 6703, 6704, 6706, 6709, 6711, 6712]
[5713, 7672, 7676, 7677, 7680, 7681, 7687, 7692, 7694, 7702, 7708]
[7330, 7331, 7332]
[632, 2219, 2503, 2504, 2691, 5652, 9346, 9347, 9352]
[5195, 5196, 5994, 5995]
[1265, 1266, 1272, 1273, 1274, 8323]
[3584, 12635]
[4661, 12571, 12572, 12577, 12579, 12582, 12586, 12587, 12588, 12591, 12598]
[245, 253, 259, 2244, 4165, 8667]
[86, 537, 9, 565, 567, 8, 10, 600, 1208, 1264, 2794, 2798, 2407, 6255]
[28, 141, 139, 1219, 1220]
[5810, 5811, 5812, 5813, 5815, 12167, 12168]
[4159, 4160, 4163, 4164, 5700, 5701, 5703]
[2894, 2896, 2898, 2900, 2905, 2911, 2915, 2921, 2925, 2926, 2929]
[784, 8936, 10934]
[2351]
[2980]
[6654, 6655, 6659, 6662, 6664, 6666, 6670, 6675, 6676]
[5886, 3932, 7857]
[19, 1487, 1540, 1541, 1543, 1544, 1545, 1546, 1950, 1954, 1957, 1790, 3487, 3493]
[1310]
[70, 191, 499, 327, 758, 588, 4941, 870]
[2112, 2120, 2126, 2128, 2130, 2131, 2132]
[1352, 3214, 3216, 4079, 6931, 6932, 6933, 6937, 6938, 6465, 10653, 10654, 9378]
[137, 138, 148, 155]
[10148, 10149, 10150]
[283, 1463, 2154, 5095, 3950, 5925, 5926, 5927, 5928, 5931, 5932, 5937, 5938, 5940, 5942]
[6997, 6999, 7002, 7003, 7005, 7007, 7008, 7010, 7012, 7018, 7019]
[2006, 371, 5493, 5495, 8891, 9972, 9974]
[1305, 3778, 3781, 3782, 3784, 3786, 3787, 3788, 7755, 7757, 7759]
[11358, 11360, 11361, 11362, 11363]
[8494, 8495, 8496]
[3030, 3038, 3400, 3410, 3411, 5048, 5049]
[1296, 1321, 11747, 11748, 11752, 11753, 11755, 11756]
[5370, 5373, 5378, 5383, 5393]
[526, 824, 853, 978, 1251, 955, 2068, 3737, 8996]
[2004, 2690, 3876, 4086, 4673, 4087, 5063, 5064, 5984, 5985, 5987, 5989, 5990, 5991, 10954, 10955, 10958, 10959]
[2139]
[4972, 6176, 6177, 6180, 6184, 6187, 6188, 6190, 6192, 6197, 6200, 6205, 6206, 6209]
[11629]
[8333]
[414, 415, 615, 617, 852, 1488, 1889, 1894, 2277, 3123, 2687, 2604, 5045]
[562, 571, 577, 580, 585, 591, 592]
[3597, 10219, 10209, 10682, 12218, 12220, 12221, 12222, 12223, 12225, 12226, 12227, 12228, 12230, 12231, 12232, 12233, 12235, 12236]
[11877, 11878, 11879]
[6744, 8025, 11611, 11612, 9323, 11772, 11773, 11774, 11776, 11777, 11778, 11779, 11781, 11782]
[2110, 2111, 2116, 2117, 2122, 2125, 2127]
[3579, 3817, 3818, 4629, 8038]
[539, 544, 1432, 1484, 7614, 7615, 7616, 9319]
[814, 3378, 3379]
[1071, 1127, 2606, 2607, 7849, 7850, 7852, 7853, 7855]
[229, 793, 1634, 1978, 1455, 4994]
[581, 1933, 4946, 4949, 4950, 4951, 11174, 11175, 11176]
[10864, 10865, 10866, 10868, 10869, 10870]
[4516]
[10008, 10009, 10010]
[8085, 9245, 9246, 9247, 9249, 9250, 9251, 9252]
[3688, 4057, 4073]
[3903, 3905, 9999]
[1691, 1694, 1710, 1711, 1716]
[3809, 3810, 3811, 3812, 3816]
[2879, 3954, 4531]
[10386, 10387, 10388, 10389, 10391]
[11798]
[11496, 12288, 12290, 12291, 12292, 12296, 12298, 12304, 12308, 12311, 12312, 12317, 12318, 12321, 12323]
[4467, 4466, 8893, 8894, 8895, 9588, 9589, 9591]
[833, 2807, 2810]
[8386, 8388, 8389, 8390, 8391]
[4783, 1270, 4225, 8981, 8983, 8984]
[10586, 10596, 10598, 10605, 10607, 10613]
[12400, 12401, 12402, 12403, 12405]
[663, 666, 668, 669, 672, 674, 676, 677, 678, 679, 681, 682]
[3039, 3185, 8487, 8488]
[344, 9443, 9447]
[334, 7348, 7351, 11375, 11380, 11381, 11383, 11384, 11386, 11388, 11392]
[6894, 6896, 6899, 6901, 6907, 6910, 6913, 6914, 6917, 6918]
[3959, 3962, 3963, 3964, 3966, 3967, 3969, 3977, 3978, 3979]
[3002, 3003, 3006, 3009, 3011, 3013, 3014, 3016, 3017, 3021]
[2666, 7136, 7140, 7145, 7146, 7150]
[1368, 1658, 4450, 4452]
[10313, 10314, 10315, 10317]
[5134, 5149, 5151, 5152, 5155, 5157, 5158, 5160, 5161, 5167]
[2231, 3075, 7512]
[2627, 11059, 11060]
[535, 543, 546, 547, 2215, 3500, 3503, 4546, 5806]
[2878, 5356, 5357, 5358, 5359, 5361, 5362, 5363, 5364]
[9419, 834, 12207]
[14, 15, 26, 34, 69, 59, 32, 574, 67, 568, 3657, 3586, 10494]
[1392, 3312, 3313, 4298, 4299, 10528, 10531]
[247, 251, 252, 265, 268, 279, 311, 695, 735, 829, 830, 1074, 1356, 2208, 2824]
